#t (s)	T TESTO (°C)	T DS18B20 (°C)
0	26.1	25.5
1	26.2	25.5625
2	26.2	25.5625
3	26.2	25.5625
4	26.2	25.5625
5	26.2	25.5625
6	26.2	25.5625
7	26.2	25.5625
8	26.2	25.5625
9	26.3	25.5625
10	26.3	25.5625
11	26.3	25.5625
12	26.3	25.5625
13	26.3	25.5625
14	26.3	25.5625
15	26.3	25.5
16	26.3	25.5625
17	26.3	25.5625
18	26.3	25.5625
19	26.3	25.5625
20	26.3	25.5
21	26.3	25.5625
22	26.3	25.5625
23	26.3	25.5625
24	26.3	25.5625
25	26.4	25.5625
26	26.4	25.5625
27	26.4	25.5625
28	26.4	25.5625
29	26.4	25.5625
30	26.4	25.5625
31	26.4	25.5625
32	26.4	25.5625
33	26.5	25.5625
34	26.5	25.5625
35	26.5	25.5625
36	26.5	25.5625
37	26.5	25.5625
38	26.5	25.5625
39	26.5	25.5625
40	26.5	25.5625
41	26.5	25.5625
42	26.5	25.5625
43	26.6	25.5625
44	26.6	25.5625
45	26.6	25.5625
46	26.6	25.5625
47	26.6	25.5625
48	26.6	25.5625
49	26.6	25.5625
50	26.6	25.5625
51	26.7	25.5625
52	26.7	25.5625
53	26.7	25.5625
54	26.7	25.5625
55	26.7	25.5625
56	26.7	25.5625
57	26.7	25.5625
58	26.7	25.5625
59	26.7	25.5625
60	26.7	25.5625
61	26.8	25.5625
62	26.8	25.5625
63	26.8	25.5625
64	26.8	25.5625
65	26.8	25.5625
66	26.8	25.5625
67	26.8	25.5625
68	26.8	25.5625
69	26.9	25.5625
70	26.9	25.5625
71	26.9	25.5625
72	26.9	25.5625
73	26.9	25.5625
74	26.9	25.5625
75	26.9	25.5625
76	26.9	25.5625
77	27	25.5625
78	27	25.5625
79	27	25.5625
80	27	25.5625
81	27	25.5625
82	27	25.5625
83	27.1	25.625
84	27.1	25.625
85	27.1	25.5625
86	27.1	25.5625
87	27.2	25.5625
88	27.2	25.625
89	27.2	25.5625
90	27.2	25.625
91	27.2	25.625
92	27.2	25.625
93	27.2	25.625
94	27.2	25.625
95	27.3	25.625
96	27.3	25.625
97	27.3	25.625
98	27.3	25.625
99	27.3	25.625
100	27.3	25.625
101	27.3	25.625
102	27.3	25.625
103	27.4	25.625
104	27.4	25.625
105	27.4	25.625
106	27.4	25.6875
107	27.4	25.6875
108	27.4	25.6875
109	27.5	25.6875
110	27.5	25.6875
111	27.5	25.6875
112	27.5	25.6875
113	27.5	25.6875
114	27.5	25.6875
115	27.5	25.6875
116	27.5	25.6875
117	27.6	25.6875
118	27.6	25.75
119	27.6	25.6875
120	27.6	25.6875
121	27.6	25.75
122	27.6	25.6875
123	27.6	25.6875
124	27.6	25.75
125	27.7	25.75
126	27.7	25.75
127	27.7	25.75
128	27.7	25.75
129	27.7	25.75
130	27.7	25.75
131	27.8	25.75
132	27.8	25.75
133	27.8	25.75
134	27.8	25.75
135	27.8	25.75
136	27.8	25.75
137	27.8	25.8125
138	27.8	25.8125
139	27.8	25.8125
140	27.9	25.8125
141	27.9	25.8125
142	27.9	25.8125
143	27.9	25.8125
144	27.9	25.8125
145	27.9	25.8125
146	28	25.8125
147	28	25.8125
148	28	25.8125
149	28	25.875
150	28.1	25.8125
151	28.1	25.875
152	28	25.875
153	28	25.875
154	28.1	25.875
155	28.1	25.875
156	28.1	25.875
157	28.1	25.875
158	28.2	25.9375
159	28.2	25.875
160	28.2	25.875
161	28.2	25.875
162	28.2	25.9375
163	28.2	25.9375
164	28.2	25.9375
165	28.2	25.9375
166	28.3	25.9375
167	28.3	25.9375
168	28.3	25.9375
169	28.3	25.9375
170	28.3	25.9375
171	28.3	25.9375
172	28.3	25.9375
173	28.3	25.9375
174	28.4	26
175	28.4	26
176	28.4	26
177	28.4	26
178	28.4	25.9375
179	28.4	26
180	28.4	26
181	28.4	26
182	28.5	26
183	28.5	26
184	28.5	26
185	28.5	26.0625
186	28.5	26
187	28.5	26.0625
188	28.5	26.0625
189	28.5	26.0625
190	28.6	26.0625
191	28.6	26.0625
192	28.6	26.0625
193	28.6	26.0625
194	28.6	26.0625
195	28.6	26.0625
196	28.6	26.0625
197	28.6	26.0625
198	28.7	26.0625
199	28.7	26.0625
200	28.7	26.0625
201	28.7	26.125
202	28.7	26.125
203	28.7	26.125
204	28.7	26.125
205	28.7	26.125
206	28.8	26.125
207	28.8	26.125
208	28.8	26.125
209	28.8	26.1875
210	28.8	26.1875
211	28.8	26.1875
212	28.8	26.125
213	28.8	26.1875
214	28.9	26.1875
215	28.9	26.1875
216	28.9	26.1875
217	28.9	26.1875
218	28.9	26.1875
219	28.9	26.1875
220	28.9	26.1875
221	28.9	26.1875
222	29	26.1875
223	29	26.1875
224	29	26.1875
225	29	26.25
226	29.1	26.25
227	29.1	26.25
228	29	26.25
229	29	26.25
230	29	26.25
231	29	26.25
232	29.1	26.25
233	29.1	26.25
234	29.1	26.25
235	29.1	26.3125
236	29.2	26.3125
237	29.2	26.3125
238	29.2	26.3125
239	29.2	26.3125
240	29.2	26.3125
241	29.2	26.3125
242	29.2	26.3125
243	29.2	26.3125
244	29.3	26.3125
245	29.3	26.375
246	29.3	26.375
247	29.3	26.375
248	29.3	26.375
249	29.3	26.375
250	29.3	26.375
251	29.3	26.375
252	29.3	26.375
253	29.3	26.375
254	29.4	26.375
255	29.4	26.375
256	29.4	26.375
257	29.4	26.4375
258	29.4	26.375
259	29.4	26.375
260	29.4	26.4375
261	29.4	26.4375
262	29.4	26.4375
263	29.4	26.4375
264	29.5	26.4375
265	29.5	26.4375
266	29.5	26.4375
267	29.5	26.4375
268	29.5	26.4375
269	29.5	26.5
270	29.5	26.5
271	29.5	26.5
272	29.6	26.5
273	29.6	26.5
274	29.6	26.5
275	29.6	26.5
276	29.6	26.5
277	29.6	26.5
278	29.6	26.5
279	29.6	26.5
280	29.6	26.5
281	29.6	26.5625
282	29.7	26.5625
283	29.7	26.5625
284	29.7	26.5625
285	29.7	26.5625
286	29.7	26.5625
287	29.7	26.5625
288	29.7	26.5625
289	29.7	26.5625
290	29.7	26.625
291	29.7	26.625
292	29.8	26.5625
293	29.8	26.625
294	29.8	26.625
295	29.8	26.625
296	29.8	26.625
297	29.8	26.625
298	29.8	26.625
299	29.8	26.6875
300	29.8	26.6875
301	29.8	26.625
302	29.8	26.6875
303	29.8	26.6875
304	29.9	26.625
305	29.9	26.6875
306	29.9	26.6875
307	29.9	26.6875
308	29.9	26.6875
309	29.9	26.6875
310	29.9	26.6875
311	29.9	26.6875
312	29.9	26.6875
313	29.9	26.6875
314	30	26.6875
315	30	26.75
316	30	26.75
317	30	26.6875
318	30	26.75
319	30	26.75
320	30.1	26.75
321	30.1	26.75
322	30.1	26.75
323	30.1	26.8125
324	30.1	26.75
325	30.1	26.8125
326	30.1	26.8125
327	30.1	26.8125
328	30.1	26.8125
329	30.1	26.8125
330	30.1	26.8125
331	30.1	26.8125
332	30.2	26.8125
333	30.2	26.8125
334	30.2	26.8125
335	30.2	26.8125
336	30.2	26.875
337	30.2	26.875
338	30.2	26.8125
339	30.2	26.8125
340	30.2	26.875
341	30.2	26.875
342	30.3	26.875
343	30.3	26.875
344	30.3	26.875
345	30.3	26.875
346	30.3	26.875
347	30.3	26.875
348	30.3	26.9375
349	30.3	26.875
350	30.3	26.9375
351	30.3	26.9375
352	30.3	26.9375
353	30.3	26.9375
354	30.4	26.875
355	30.4	26.875
356	30.4	26.9375
357	30.4	26.9375
358	30.4	26.9375
359	30.4	26.9375
360	30.4	26.9375
361	30.4	26.9375
362	30.4	27
363	30.4	27
364	30.4	27
365	30.4	27
366	30.4	27
367	30.4	27
368	30.5	27
369	30.5	27
370	30.5	27.0625
371	30.5	27
372	30.5	27.0625
373	30.5	27.0625
374	30.5	27.0625
375	30.5	27.0625
376	30.5	27
377	30.5	27.0625
378	30.5	27.0625
379	30.5	27.0625
380	30.6	27.0625
381	30.6	27.0625
382	30.6	27.0625
383	30.6	27.0625
384	30.6	27.0625
385	30.6	27.0625
386	30.6	27.125
387	30.6	27.125
388	30.6	27.125
389	30.6	27.125
390	30.6	27.125
391	30.6	27.125
392	30.6	27.125
393	30.7	27.125
394	30.7	27.125
395	30.7	27.1875
396	30.7	27.1875
397	30.7	27.1875
398	30.7	27.125
399	30.7	27.1875
400	30.7	27.1875
401	30.7	27.1875
402	30.7	27.1875
403	30.7	27.1875
404	30.7	27.1875
405	30.8	27.1875
406	30.8	27.1875
407	30.8	27.1875
408	30.8	27.25
409	30.8	27.1875
410	30.8	27.25
411	30.8	27.25
412	30.8	27.25
413	30.8	27.25
414	30.8	27.25
415	30.8	27.25
416	30.8	27.25
417	30.8	27.25
418	30.8	27.25
419	30.8	27.25
420	30.8	27.25
421	30.9	27.3125
422	30.9	27.3125
423	30.9	27.3125
424	30.9	27.3125
425	30.9	27.3125
426	30.9	27.3125
427	30.9	27.3125
428	30.9	27.3125
429	30.9	27.3125
430	30.9	27.3125
431	30.9	27.3125
432	30.9	27.3125
433	30.9	27.3125
434	30.9	27.3125
435	31	27.375
436	31	27.375
437	31	27.375
438	31	27.375
439	31	27.375
440	31	27.375
441	31	27.4375
442	31	27.375
443	31	27.375
444	31	27.375
445	31	27.375
446	31	27.375
447	31	27.4375
448	31	27.4375
449	31.1	27.4375
450	31.1	27.4375
451	31.1	27.4375
452	31.1	27.4375
453	31.1	27.4375
454	31.1	27.4375
455	31.1	27.4375
456	31.1	27.4375
457	31.2	27.4375
458	31.2	27.4375
459	31.2	27.5
460	31.2	27.5
461	31.2	27.5
462	31.2	27.5
463	31.2	27.5
464	31.2	27.5
465	31.2	27.5
466	31.2	27.5
467	31.2	27.5
468	31.2	27.5
469	31.2	27.5625
470	31.2	27.5
471	31.3	27.5625
472	31.3	27.5
473	31.3	27.5625
474	31.3	27.5
475	31.3	27.5625
476	31.3	27.5625
477	31.3	27.5625
478	31.3	27.5625
479	31.3	27.5625
480	31.3	27.5625
481	31.3	27.5625
482	31.3	27.5625
483	31.3	27.625
484	31.3	27.625
485	31.3	27.625
486	31.3	27.625
487	31.4	27.625
488	31.4	27.5625
489	31.4	27.625
490	31.4	27.625
491	31.4	27.625
492	31.4	27.625
493	31.4	27.625
494	31.4	27.625
495	31.4	27.6875
496	31.4	27.6875
497	31.4	27.6875
498	31.4	27.6875
499	31.4	27.6875
500	31.4	27.6875
501	31.4	27.6875
502	31.4	27.6875
503	31.5	27.6875
504	31.5	27.6875
505	31.5	27.75
506	31.5	27.6875
507	31.5	27.6875
508	31.5	27.75
509	31.5	27.75
510	31.5	27.6875
511	31.5	27.75
512	31.5	27.75
513	31.5	27.75
514	31.5	27.75
515	31.5	27.75
516	31.5	27.75
517	31.5	27.75
518	31.5	27.75
519	31.6	27.75
520	31.6	27.8125
521	31.6	27.75
522	31.6	27.75
523	31.6	27.8125
524	31.6	27.8125
525	31.6	27.8125
526	31.6	27.8125
527	31.6	27.8125
528	31.6	27.8125
529	31.6	27.8125
530	31.6	27.8125
531	31.6	27.8125
532	31.6	27.8125
533	31.6	27.8125
534	31.6	27.875
535	31.6	27.8125
536	31.6	27.8125
537	31.7	27.875
538	31.7	27.8125
539	31.7	27.875
540	31.7	27.875
541	31.7	27.875
542	31.7	27.875
543	31.7	27.875
544	31.7	27.875
545	31.7	27.875
546	31.7	27.875
547	31.7	27.875
548	31.7	27.9375
549	31.7	27.875
550	31.7	27.9375
551	31.7	27.875
552	31.7	27.9375
553	31.7	27.9375
554	31.7	27.9375
555	31.7	27.9375
556	31.7	27.9375
557	31.8	28
558	31.8	27.9375
559	31.8	27.9375
560	31.8	27.9375
561	31.8	27.9375
562	31.8	27.9375
563	31.8	28
564	31.8	28
565	31.8	28
566	31.8	28
567	31.8	27.9375
568	31.8	28
569	31.8	28
570	31.8	28
571	31.8	28
572	31.8	28
573	31.8	28
574	31.8	28
575	31.9	28
576	31.9	28
577	31.9	28
578	31.9	28.0625
579	31.9	28.0625
580	31.9	28.0625
581	31.9	28.0625
582	31.9	28.0625
583	31.9	28.0625
584	31.9	28.0625
585	31.9	28.0625
586	31.9	28.0625
587	31.9	28.125
588	31.9	28.0625
589	31.9	28.125
590	31.9	28.0625
591	31.9	28.0625
592	31.9	28.125
593	31.9	28.125
594	31.9	28.125
595	32	28.125
596	32	28.125
597	32	28.125
598	32	28.125
599	32	28.125
600	32	28.125
601	32	28.125
602	32	28.1875
603	32	28.125
604	32	28.1875
605	32	28.125
606	32	28.125
607	32	28.1875
608	32	28.1875
609	32	28.1875
610	32	28.1875
611	32	28.1875
612	32	28.1875
613	32	28.1875
614	32	28.25
615	32.1	28.1875
616	32.1	28.25
617	32.1	28.25
618	32.1	28.25
619	32.1	28.1875
620	32.1	28.25
621	32.1	28.1875
622	32.1	28.25
623	32.1	28.25
624	32.1	28.25
625	32.1	28.25
626	32.1	28.25
627	32.1	28.25
628	32.1	28.25
629	32.2	28.3125
630	32.2	28.3125
631	32.2	28.25
632	32.2	28.25
633	32.2	28.3125
634	32.2	28.3125
635	32.2	28.3125
636	32.2	28.3125
637	32.2	28.3125
638	32.2	28.3125
639	32.2	28.3125
640	32.2	28.3125
641	32.2	28.3125
642	32.2	28.3125
643	32.2	28.375
644	32.2	28.3125
645	32.2	28.375
646	32.2	28.3125
647	32.2	28.375
648	32.3	28.375
649	32.3	28.375
650	32.3	28.375
651	32.3	28.375
652	32.3	28.375
653	32.3	28.375
654	32.3	28.375
655	32.3	28.375
656	32.3	28.375
657	32.3	28.375
658	32.3	28.4375
659	32.3	28.375
660	32.3	28.375
661	32.3	28.375
662	32.3	28.4375
663	32.3	28.4375
664	32.3	28.4375
665	32.3	28.4375
666	32.3	28.4375
667	32.3	28.4375
668	32.3	28.4375
669	32.3	28.4375
670	32.4	28.4375
671	32.4	28.4375
672	32.4	28.4375
673	32.4	28.4375
674	32.4	28.4375
675	32.4	28.4375
676	32.4	28.5
677	32.4	28.4375
678	32.4	28.4375
679	32.4	28.5
680	32.4	28.5
681	32.4	28.5
682	32.4	28.5
683	32.4	28.5
684	32.4	28.5
685	32.4	28.5
686	32.4	28.5
687	32.4	28.5
688	32.4	28.5
689	32.4	28.5625
690	32.4	28.5625
691	32.4	28.5
692	32.4	28.5625
693	32.4	28.5625
694	32.5	28.5
695	32.5	28.5625
696	32.5	28.5625
697	32.5	28.5625
698	32.5	28.5625
699	32.5	28.5625
700	32.5	28.5625
701	32.5	28.5625
702	32.5	28.5625
703	32.5	28.5625
704	32.5	28.5625
705	32.5	28.5625
706	32.5	28.625
707	32.5	28.625
708	32.5	28.625
709	32.5	28.5625
710	32.5	28.625
711	32.5	28.625
712	32.5	28.625
713	32.5	28.625
714	32.5	28.625
715	32.5	28.625
716	32.6	28.625
717	32.6	28.625
718	32.6	28.625
719	32.6	28.625
720	32.6	28.625
721	32.6	28.625
722	32.6	28.6875
723	32.6	28.6875
724	32.6	28.6875
725	32.6	28.6875
726	32.6	28.6875
727	32.6	28.6875
728	32.6	28.6875
729	32.6	28.6875
730	32.6	28.6875
731	32.6	28.6875
732	32.6	28.6875
733	32.6	28.6875
734	32.6	28.75
735	32.6	28.6875
736	32.6	28.6875
737	32.6	28.75
738	32.6	28.6875
739	32.6	28.75
740	32.6	28.6875
741	32.6	28.75
742	32.6	28.75
743	32.6	28.75
744	32.7	28.75
745	32.7	28.75
746	32.7	28.75
747	32.7	28.75
748	32.7	28.75
749	32.7	28.75
750	32.7	28.75
751	32.7	28.8125
752	32.7	28.75
753	32.7	28.75
754	32.7	28.8125
755	32.7	28.8125
756	32.7	28.8125
757	32.7	28.8125
758	32.7	28.8125
759	32.7	28.8125
760	32.7	28.8125
761	32.7	28.8125
762	32.7	28.8125
763	32.7	28.8125
764	32.7	28.8125
765	32.7	28.8125
766	32.7	28.8125
767	32.7	28.8125
768	32.7	28.8125
769	32.7	28.8125
770	32.8	28.875
771	32.8	28.8125
772	32.8	28.8125
773	32.8	28.875
774	32.8	28.875
775	32.8	28.8125
776	32.8	28.875
777	32.8	28.875
778	32.8	28.875
779	32.8	28.875
780	32.8	28.875
781	32.8	28.875
782	32.8	28.875
783	32.8	28.875
784	32.8	28.875
785	32.8	28.875
786	32.8	28.9375
787	32.8	28.9375
788	32.8	28.9375
789	32.8	28.875
790	32.8	28.9375
791	32.8	28.9375
792	32.8	28.9375
793	32.8	28.9375
794	32.8	28.9375
795	32.8	28.9375
796	32.8	28.9375
797	32.8	28.9375
798	32.8	28.9375
799	32.8	28.9375
800	32.9	28.9375
801	32.9	29
802	32.9	28.9375
803	32.9	28.9375
804	32.9	28.9375
805	32.9	29
806	32.9	29
807	32.9	29
808	32.9	29
809	32.9	29
810	32.9	29
811	32.9	29
812	32.9	29
813	32.9	29
814	33	29
815	33	29
816	33	29
817	33	29
818	33	29
819	33	29
820	33	29.0625
821	33	29
822	33	29
823	33	29.0625
824	33	29
825	33	29.0625
826	33	29.0625
827	33	29.0625
828	33	29.0625
829	33	29.0625
830	33	29.0625
831	33	29.0625
832	33	29.0625
833	33	29.0625
834	33	29.0625
835	33	29.0625
836	33	29.0625
837	33	29.0625
838	33	29.0625
839	33	29.125
840	33	29.125
841	33	29.0625
842	33.1	29.0625
843	33.1	29.125
844	33.1	29.125
845	33.1	29.125
846	33.1	29.125
847	33.1	29.125
848	33.1	29.125
849	33.1	29.125
850	33.1	29.125
851	33.1	29.125
852	33.1	29.125
853	33.1	29.125
854	33.1	29.125
855	33.1	29.1875
856	33.1	29.125
857	33.1	29.125
858	33.1	29.1875
859	33.1	29.1875
860	33.1	29.1875
861	33.1	29.1875
862	33.1	29.1875
863	33.1	29.125
864	33.1	29.1875
865	33.1	29.1875
866	33.1	29.1875
867	33.1	29.1875
868	33.1	29.1875
869	33.1	29.1875
870	33.1	29.1875
871	33.1	29.1875
872	33.1	29.1875
873	33.1	29.1875
874	33.1	29.25
875	33.1	29.1875
876	33.2	29.1875
877	33.2	29.25
878	33.2	29.25
879	33.2	29.25
880	33.2	29.1875
881	33.2	29.25
882	33.2	29.25
883	33.2	29.25
884	33.2	29.25
885	33.2	29.25
886	33.2	29.25
887	33.2	29.25
888	33.2	29.25
889	33.2	29.25
890	33.2	29.25
891	33.2	29.25
892	33.2	29.25
893	33.2	29.25
894	33.2	29.3125
895	33.2	29.3125
896	33.2	29.3125
897	33.2	29.3125
898	33.2	29.3125
899	33.2	29.3125
900	33.2	29.3125
901	33.2	29.3125
902	33.2	29.3125
903	33.2	29.3125
904	33.2	29.3125
905	33.2	29.3125
906	33.2	29.3125
907	33.2	29.3125
908	33.3	29.3125
909	33.3	29.3125
910	33.3	29.3125
911	33.3	29.3125
912	33.3	29.3125
913	33.3	29.3125
914	33.3	29.3125
915	33.3	29.375
916	33.3	29.3125
917	33.3	29.375
918	33.3	29.375
919	33.3	29.375
920	33.3	29.375
921	33.3	29.375
922	33.3	29.375
923	33.3	29.375
924	33.3	29.375
925	33.3	29.375
926	33.3	29.375
927	33.3	29.375
928	33.3	29.375
929	33.3	29.375
930	33.3	29.4375
931	33.3	29.4375
932	33.3	29.375
933	33.3	29.4375
934	33.3	29.4375
935	33.3	29.375
936	33.3	29.4375
937	33.3	29.4375
938	33.3	29.4375
939	33.3	29.4375
940	33.4	29.4375
941	33.4	29.4375
942	33.4	29.4375
943	33.4	29.4375
944	33.4	29.4375
945	33.4	29.5
946	33.4	29.4375
947	33.4	29.4375
948	33.4	29.4375
949	33.4	29.4375
950	33.4	29.4375
951	33.4	29.4375
952	33.4	29.5
953	33.4	29.4375
954	33.4	29.5
955	33.4	29.4375
956	33.4	29.5
957	33.4	29.5
958	33.4	29.5
959	33.4	29.4375
960	33.4	29.5
961	33.4	29.5
962	33.4	29.5
963	33.4	29.5
964	33.4	29.5
965	33.4	29.5
966	33.4	29.5
967	33.4	29.5
968	33.4	29.5
969	33.4	29.5
970	33.4	29.5
971	33.4	29.5
972	33.4	29.5
973	33.4	29.5625
974	33.5	29.5
975	33.5	29.5
976	33.5	29.5625
977	33.5	29.5625
978	33.5	29.5625
979	33.5	29.5
980	33.5	29.5625
981	33.5	29.5625
982	33.5	29.5625
983	33.5	29.5625
984	33.5	29.5625
985	33.5	29.5625
986	33.5	29.5625
987	33.5	29.5625
988	33.5	29.5625
989	33.5	29.5625
990	33.5	29.5625
991	33.5	29.5625
992	33.6	29.625
993	33.6	29.625
994	33.6	29.5625
995	33.6	29.625
996	33.6	29.625
997	33.6	29.625
998	33.6	29.625
999	33.6	29.625
1000	33.6	29.625
1001	33.6	29.625
1002	33.6	29.625
1003	33.6	29.625
1004	33.6	29.625
1005	33.6	29.625
1006	33.6	29.625
1007	33.6	29.625
1008	33.6	29.625
1009	33.6	29.625
1010	33.6	29.625
1011	33.6	29.6875
1012	33.6	29.625
1013	33.6	29.625
1014	33.6	29.625
1015	33.6	29.625
1016	33.6	29.6875
1017	33.6	29.6875
1018	33.6	29.6875
1019	33.6	29.6875
1020	33.6	29.6875
1021	33.6	29.6875
1022	33.6	29.6875
1023	33.6	29.6875
1024	33.6	29.6875
1025	33.6	29.6875
1026	33.6	29.6875
1027	33.6	29.6875
1028	33.7	29.6875
1029	33.7	29.6875
1030	33.7	29.6875
1031	33.7	29.6875
1032	33.7	29.6875
1033	33.7	29.6875
1034	33.7	29.6875
1035	33.7	29.6875
1036	33.7	29.6875
1037	33.7	29.6875
1038	33.7	29.6875
1039	33.7	29.6875
1040	33.7	29.6875
1041	33.7	29.75
1042	33.7	29.75
1043	33.7	29.75
1044	33.7	29.75
1045	33.7	29.75
1046	33.7	29.75
1047	33.7	29.75
1048	33.7	29.75
1049	33.7	29.75
1050	33.7	29.75
1051	33.7	29.75
1052	33.7	29.75
1053	33.7	29.75
1054	33.7	29.75
1055	33.7	29.75
1056	33.7	29.75
1057	33.7	29.75
1058	33.7	29.75
1059	33.7	29.75
1060	33.7	29.8125
1061	33.7	29.75
1062	33.7	29.75
1063	33.7	29.8125
1064	33.7	29.8125
1065	33.7	29.75
1066	33.7	29.75
1067	33.7	29.8125
1068	33.8	29.8125
1069	33.8	29.8125
1070	33.8	29.8125
1071	33.8	29.8125
1072	33.8	29.8125
1073	33.8	29.8125
1074	33.8	29.8125
1075	33.8	29.8125
1076	33.8	29.8125
1077	33.8	29.8125
1078	33.8	29.8125
1079	33.8	29.8125
1080	33.8	29.8125
1081	33.8	29.8125
1082	33.8	29.8125
1083	33.8	29.875
1084	33.8	29.875
1085	33.8	29.8125
1086	33.8	29.875
1087	33.8	29.875
1088	33.8	29.875
1089	33.8	29.8125
1090	33.8	29.875
1091	33.8	29.875
1092	33.8	29.875
1093	33.8	29.875
1094	33.8	29.875
1095	33.8	29.875
1096	33.8	29.875
1097	33.8	29.875
1098	33.8	29.875
1099	33.8	29.875
1100	33.8	29.875
1101	33.8	29.875
1102	33.8	29.9375
1103	33.8	29.875
1104	33.8	29.875
1105	33.8	29.875
1106	33.8	29.875
1107	33.8	29.9375
1108	33.9	29.875
1109	33.9	29.875
1110	33.9	29.875
1111	33.9	29.875
1112	33.9	29.9375
1113	33.9	29.9375
1114	33.9	29.9375
1115	33.9	29.9375
1116	33.9	29.9375
1117	33.9	29.9375
1118	33.9	29.9375
1119	33.9	29.9375
1120	33.9	29.9375
1121	33.9	29.9375
1122	33.9	29.9375
1123	33.9	29.9375
1124	33.9	29.9375
1125	33.9	29.9375
1126	33.9	29.9375
1127	33.9	29.9375
1128	33.9	29.9375
1129	33.9	29.9375
1130	33.9	29.9375
1131	33.9	29.9375
1132	33.9	29.9375
1133	33.9	29.9375
1134	33.9	29.9375
1135	33.9	29.9375
1136	33.9	29.9375
1137	33.9	29.9375
1138	33.9	29.9375
1139	33.9	29.9375
1140	33.9	29.9375
1141	33.9	29.9375
1142	33.9	29.9375
1143	33.9	29.9375
1144	33.9	29.9375
1145	33.9	29.9375
1146	33.9	29.9375
1147	33.9	29.9375
1148	33.9	29.9375
1149	33.9	29.9375
1150	33.9	29.9375
1151	33.9	29.9375
1152	33.9	29.9375
1153	33.9	29.9375
1154	33.9	29.9375
1155	34	29.9375
1156	34	29.9375
1157	34	29.9375
1158	34	29.9375
1159	34	29.9375
1160	34	30.0625
1161	34	30.0625
1162	34	30.0625
1163	34	30.0625
1164	34	30.0625
1165	34	30.0625
1166	34	30.0625
1167	34	30.0625
1168	34	30.0625
1169	34	30.0625
1170	34	30.0625
1171	34	30.0625
1172	34	30.0625
1173	34	30.0625
1174	34	30.0625
1175	34	30.0625
1176	34	30.0625
1177	34	30.0625
1178	34	30.0625
1179	34	30.125
1180	34	30.0625
1181	34	30.0625
1182	34	30.125
1183	34	30.0625
1184	34	30.0625
1185	34	30.0625
1186	34	30.125
1187	34	30.0625
1188	34	30.0625
1189	34	30.125
1190	34	30.125
1191	34	30.125
1192	34	30.125
1193	34	30.125
1194	34	30.125
1195	34	30.125
1196	34	30.125
1197	34	30.125
1198	34	30.125
1199	34	30.125
1200	34	30.125
1201	34.1	30.125
1202	34.1	30.125
1203	34.1	30.125
1204	34.1	30.125
1205	34.1	30.125
1206	34.1	30.125
1207	34.1	30.125
1208	34.1	30.125
1209	34.1	30.125
1210	34.1	30.125
1211	34.1	30.1875
1212	34.1	30.1875
1213	34.1	30.125
1214	34.1	30.125
1215	34.1	30.1875
1216	34.1	30.1875
1217	34.1	30.1875
1218	34.1	30.1875
1219	34.1	30.1875
1220	34.1	30.1875
1221	34.1	30.1875
1222	34.1	30.1875
1223	34.1	30.1875
1224	34.1	30.1875
1225	34.1	30.1875
1226	34.1	30.1875
1227	34.1	30.1875
1228	34.1	30.1875
1229	34.2	30.1875
1230	34.2	30.1875
1231	34.1	30.1875
1232	34.1	30.1875
1233	34.2	30.1875
1234	34.2	30.25
1235	34.2	30.25
1236	34.2	30.1875
1237	34.2	30.25
1238	34.2	30.1875
1239	34.2	30.25
1240	34.2	30.25
1241	34.2	30.1875
1242	34.2	30.25
1243	34.2	30.1875
1244	34.2	30.25
1245	34.2	30.1875
1246	34.2	30.25
1247	34.2	30.25
1248	34.2	30.25
1249	34.2	30.25
1250	34.2	30.25
1251	34.2	30.25
1252	34.2	30.25
1253	34.2	30.25
1254	34.2	30.25
1255	34.2	30.25
1256	34.2	30.25
1257	34.2	30.25
1258	34.2	30.25
1259	34.2	30.25
1260	34.2	30.25
1261	34.2	30.3125
1262	34.2	30.3125
1263	34.2	30.25
1264	34.2	30.25
1265	34.2	30.25
1266	34.2	30.25
1267	34.2	30.3125
1268	34.2	30.3125
1269	34.2	30.3125
1270	34.2	30.3125
1271	34.2	30.3125
1272	34.2	30.3125
1273	34.2	30.25
1274	34.2	30.3125
1275	34.2	30.3125
1276	34.2	30.3125
1277	34.2	30.3125
1278	34.2	30.3125
1279	34.2	30.3125
1280	34.2	30.3125
1281	34.2	30.3125
1282	34.2	30.3125
1283	34.3	30.3125
1284	34.3	30.375
1285	34.3	30.3125
1286	34.3	30.3125
1287	34.3	30.3125
1288	34.3	30.3125
1289	34.3	30.3125
1290	34.3	30.3125
1291	34.3	30.3125
1292	34.3	30.3125
1293	34.3	30.375
1294	34.3	30.3125
1295	34.3	30.3125
1296	34.3	30.3125
1297	34.3	30.3125
1298	34.3	30.375
1299	34.3	30.3125
1300	34.3	30.375
1301	34.3	30.375
1302	34.3	30.375
1303	34.3	30.375
1304	34.3	30.375
1305	34.3	30.375
1306	34.3	30.375
1307	34.3	30.375
1308	34.3	30.375
1309	34.3	30.375
1310	34.3	30.375
1311	34.3	30.375
1312	34.3	30.375
1313	34.3	30.375
1314	34.3	30.375
1315	34.3	30.375
1316	34.3	30.375
1317	34.3	30.4375
1318	34.3	30.4375
1319	34.3	30.4375
1320	34.3	30.375
1321	34.3	30.375
1322	34.3	30.375
1323	34.3	30.375
1324	34.3	30.4375
1325	34.3	30.375
1326	34.3	30.375
1327	34.3	30.4375
1328	34.3	30.375
1329	34.3	30.375
1330	34.3	30.4375
1331	34.3	30.4375
1332	34.3	30.4375
1333	34.3	30.4375
1334	34.3	30.4375
1335	34.3	30.4375
1336	34.3	30.4375
1337	34.3	30.4375
1338	34.3	30.4375
1339	34.3	30.4375
1340	34.3	30.4375
1341	34.3	30.4375
1342	34.3	30.4375
1343	34.3	30.4375
1344	34.3	30.4375
1345	34.4	30.4375
1346	34.4	30.4375
1347	34.4	30.4375
1348	34.4	30.4375
1349	34.4	30.4375
1350	34.4	30.4375
1351	34.4	30.4375
1352	34.4	30.4375
1353	34.4	30.4375
1354	34.4	30.5
1355	34.4	30.5
1356	34.4	30.5
1357	34.4	30.4375
1358	34.4	30.4375
1359	34.4	30.5
1360	34.4	30.4375
1361	34.4	30.5
1362	34.4	30.4375
1363	34.4	30.4375
1364	34.4	30.5
1365	34.4	30.4375
1366	34.4	30.5
1367	34.4	30.5
1368	34.4	30.5
1369	34.4	30.5
1370	34.4	30.5
1371	34.4	30.5
1372	34.4	30.5
1373	34.4	30.5
1374	34.4	30.5
1375	34.4	30.5
1376	34.4	30.5
1377	34.5	30.5
1378	34.5	30.5
1379	34.5	30.5
1380	34.5	30.5
1381	34.5	30.5625
1382	34.5	30.5
1383	34.5	30.5
1384	34.5	30.5
1385	34.5	30.5625
1386	34.5	30.5
1387	34.5	30.5625
1388	34.5	30.5625
1389	34.5	30.5
1390	34.5	30.5625
1391	34.5	30.5625
1392	34.5	30.5625
1393	34.5	30.5625
1394	34.5	30.5625
1395	34.5	30.5625
1396	34.5	30.5625
1397	34.5	30.5625
1398	34.5	30.5625
1399	34.5	30.5625
1400	34.5	30.5625
1401	34.5	30.5625
1402	34.5	30.5625
1403	34.5	30.5625
1404	34.5	30.5625
1405	34.5	30.5625
1406	34.5	30.5625
1407	34.5	30.5625
1408	34.5	30.5625
1409	34.5	30.5625
1410	34.5	30.5625
1411	34.5	30.5625
1412	34.5	30.5625
1413	34.5	30.625
1414	34.5	30.5625
1415	34.5	30.625
1416	34.5	30.5625
1417	34.5	30.625
1418	34.5	30.625
1419	34.5	30.5625
1420	34.5	30.625
1421	34.5	30.625
1422	34.5	30.625
1423	34.5	30.625
1424	34.5	30.625
1425	34.5	30.625
1426	34.5	30.625
1427	34.5	30.625
1428	34.5	30.625
1429	34.5	30.625
1430	34.5	30.625
1431	34.5	30.625
1432	34.5	30.625
1433	34.5	30.625
1434	34.5	30.625
1435	34.5	30.625
1436	34.5	30.625
1437	34.5	30.625
1438	34.5	30.625
1439	34.5	30.625
1440	34.5	30.6875
1441	34.5	30.625
1442	34.5	30.6875
1443	34.5	30.625
1444	34.5	30.625
1445	34.5	30.625
1446	34.6	30.625
1447	34.6	30.625
1448	34.6	30.6875
1449	34.6	30.625
1450	34.6	30.6875
1451	34.6	30.625
1452	34.6	30.625
1453	34.6	30.6875
1454	34.6	30.6875
1455	34.6	30.6875
1456	34.6	30.6875
1457	34.6	30.6875
1458	34.6	30.6875
1459	34.6	30.6875
1460	34.6	30.6875
1461	34.6	30.6875
1462	34.6	30.6875
1463	34.6	30.6875
1464	34.6	30.6875
1465	34.6	30.6875
1466	34.6	30.6875
1467	34.6	30.6875
1468	34.6	30.6875
1469	34.6	30.6875
1470	34.6	30.6875
1471	34.6	30.6875
1472	34.6	30.6875
1473	34.6	30.6875
1474	34.6	30.6875
1475	34.6	30.6875
1476	34.6	30.6875
1477	34.6	30.6875
1478	34.6	30.6875
1479	34.6	30.6875
1480	34.6	30.6875
1481	34.6	30.75
1482	34.6	30.6875
1483	34.6	30.6875
1484	34.6	30.6875
1485	34.6	30.75
1486	34.6	30.75
1487	34.6	30.75
1488	34.6	30.75
1489	34.6	30.75
1490	34.7	30.75
1491	34.7	30.75
1492	34.7	30.75
1493	34.7	30.6875
1494	34.7	30.75
1495	34.7	30.75
1496	34.7	30.75
1497	34.7	30.75
1498	34.7	30.75
1499	34.7	30.75
1500	34.7	30.75
1501	34.7	30.75
1502	34.7	30.75
1503	34.7	30.75
1504	34.7	30.75
1505	34.7	30.75
1506	34.7	30.75
1507	34.7	30.75
1508	34.7	30.75
1509	34.7	30.75
1510	34.7	30.8125
1511	34.7	30.75
1512	34.7	30.75
1513	34.7	30.75
1514	34.7	30.75
1515	34.7	30.75
1516	34.7	30.75
1517	34.7	30.75
1518	34.7	30.8125
1519	34.7	30.75
1520	34.7	30.8125
1521	34.7	30.8125
1522	34.7	30.8125
1523	34.7	30.8125
1524	34.7	30.8125
1525	34.7	30.8125
1526	34.7	30.8125
1527	34.7	30.8125
1528	34.7	30.8125
1529	34.7	30.8125
1530	34.7	30.8125
1531	34.7	30.8125
1532	34.7	30.8125
1533	34.7	30.8125
1534	34.7	30.8125
1535	34.7	30.8125
1536	34.7	30.8125
1537	34.7	30.8125
1538	34.7	30.8125
1539	34.7	30.8125
1540	34.7	30.8125
1541	34.7	30.8125
1542	34.7	30.8125
1543	34.7	30.8125
1544	34.7	30.8125
1545	34.7	30.8125
1546	34.7	30.8125
1547	34.7	30.8125
1548	34.7	30.8125
1549	34.7	30.875
1550	34.7	30.8125
1551	34.7	30.875
1552	34.7	30.8125
1553	34.7	30.8125
1554	34.7	30.8125
1555	34.7	30.8125
1556	34.7	30.8125
1557	34.7	30.875
1558	34.7	30.875
1559	34.7	30.875
1560	34.7	30.875
1561	34.7	30.8125
1562	34.7	30.875
1563	34.7	30.875
1564	34.7	30.875
1565	34.7	30.875
1566	34.8	30.875
1567	34.8	30.875
1568	34.7	30.875
1569	34.7	30.875
1570	34.7	30.875
1571	34.7	30.875
1572	34.8	30.875
1573	34.8	30.875
1574	34.8	30.875
1575	34.8	30.875
1576	34.8	30.875
1577	34.8	30.875
1578	34.8	30.875
1579	34.8	30.875
1580	34.8	30.875
1581	34.8	30.875
1582	34.8	30.875
1583	34.8	30.875
1584	34.8	30.875
1585	34.8	30.875
1586	34.8	30.875
1587	34.8	30.875
1588	34.8	30.875
1589	34.8	30.9375
1590	34.8	30.875
1591	34.8	30.875
1592	34.8	30.9375
1593	34.8	30.9375
1594	34.8	30.9375
1595	34.8	30.9375
1596	34.8	30.9375
1597	34.8	30.9375
1598	34.8	30.9375
1599	34.8	30.875
1600	34.8	30.9375
1601	34.8	30.9375
1602	34.8	30.9375
1603	34.8	30.9375
1604	34.8	30.9375
1605	34.8	30.9375
1606	34.8	30.9375
1607	34.8	30.9375
1608	34.8	30.9375
1609	34.8	30.9375
1610	34.8	30.9375
1611	34.8	30.9375
1612	34.8	30.9375
1613	34.8	30.9375
1614	34.8	30.9375
1615	34.8	30.9375
1616	34.8	30.9375
1617	34.8	30.9375
1618	34.8	30.9375
1619	34.8	30.9375
1620	34.8	31
1621	34.8	30.9375
1622	34.8	30.9375
1623	34.8	30.9375
1624	34.8	30.9375
1625	34.8	30.9375
1626	34.9	30.9375
1627	34.9	30.9375
1628	34.9	30.9375
1629	34.9	30.9375
1630	34.9	30.9375
1631	34.9	30.9375
1632	34.9	31
1633	34.9	31
1634	34.9	30.9375
1635	34.9	30.9375
1636	34.9	31
1637	34.9	30.9375
1638	34.9	30.9375
1639	34.9	30.9375
1640	34.9	31
1641	34.9	31
1642	34.9	31
1643	34.9	30.9375
1644	34.9	31
1645	34.9	31
1646	34.9	31
1647	34.9	31
1648	34.9	31
1649	34.9	31
1650	34.9	31
1651	34.9	31
1652	34.9	31
1653	34.9	31
1654	34.9	31
1655	34.9	31
1656	34.9	31
1657	34.9	31
1658	34.9	31
1659	34.9	31
1660	34.9	31
1661	34.9	31
1662	34.9	31
1663	34.9	31
1664	34.9	31
1665	34.9	31.0625
1666	34.9	31
1667	34.9	31
1668	34.9	31.0625
1669	34.9	31.0625
1670	34.9	31
1671	34.9	31
1672	34.9	31.0625
1673	34.9	31.0625
1674	34.9	31.0625
1675	34.9	31
1676	34.9	31.0625
1677	34.9	31.0625
1678	34.9	31.0625
1679	34.9	31.0625
1680	34.9	31.0625
1681	34.9	31.0625
1682	34.9	31.0625
1683	34.9	31.0625
1684	34.9	31.0625
1685	34.9	31.0625
1686	34.9	31.0625
1687	34.9	31.0625
1688	34.9	31.0625
1689	34.9	31.0625
1690	34.9	31.0625
1691	34.9	31.0625
1692	34.9	31.0625
1693	34.9	31.0625
1694	34.9	31.0625
1695	34.9	31.0625
1696	34.9	31.0625
1697	34.9	31.0625
1698	34.9	31.0625
1699	34.9	31.0625
1700	34.9	31.0625
1701	34.9	31.0625
1702	34.9	31.0625
1703	34.9	31.0625
1704	34.9	31.0625
1705	34.9	31.0625
1706	34.9	31.0625
1707	34.9	31.0625
1708	34.9	31.0625
1709	34.9	31.125
1710	34.9	31.125
1711	34.9	31.0625
1712	34.9	31.125
1713	35	31.125
1714	35	31.125
1715	34.9	31.125
1716	34.9	31.0625
1717	35	31.0625
1718	35	31.0625
1719	35	31.125
1720	35	31.125
1721	35	31.125
1722	35	31.125
1723	35	31.125
1724	35	31.125
1725	35	31.125
1726	35	31.0625
1727	35	31.125
1728	35	31.125
1729	35	31.125
1730	35	31.125
1731	35	31.0625
1732	35	31.0625
1733	35	31.125
1734	35	31.125
1735	35	31.125
1736	35	31.125
1737	35	31.125
1738	35	31.125
1739	35	31.125
1740	35	31.125
1741	35	31.125
1742	35	31.125
1743	35	31.125
1744	35	31.125
1745	35	31.125
1746	35	31.125
1747	35	31.125
1748	35	31.125
1749	35	31.125
1750	35	31.125
1751	35	31.125
1752	35	31.125
1753	35	31.125
1754	35	31.125
1755	35	31.125
1756	35	31.1875
1757	35	31.125
1758	35	31.1875
1759	35	31.1875
1760	35	31.1875
1761	35	31.1875
1762	35	31.1875
1763	35	31.1875
1764	35	31.1875
1765	35.1	31.1875
1766	35.1	31.1875
1767	35.1	31.1875
1768	35.1	31.125
1769	35.1	31.1875
1770	35.1	31.1875
1771	35.1	31.1875
1772	35.1	31.1875
1773	35.1	31.1875
1774	35.1	31.1875
1775	35.1	31.1875
1776	35.1	31.1875
1777	35.1	31.1875
1778	35.1	31.1875
1779	35.1	31.1875
1780	35.1	31.1875
1781	35.1	31.1875
1782	35.1	31.1875
1783	35.1	31.1875
1784	35.1	31.1875
1785	35.1	31.1875
1786	35.1	31.1875
1787	35.1	31.1875
1788	35.1	31.1875
1789	35.1	31.1875
1790	35.1	31.1875
1791	35.1	31.1875
1792	35.1	31.1875
1793	35.1	31.1875
1794	35.1	31.1875
1795	35.1	31.1875
1796	35.1	31.1875
1797	35.1	31.25
1798	35.1	31.25
1799	35.1	31.1875
1800	35.1	31.1875
1801	35.1	31.1875
1802	35.1	31.25
1803	35.1	31.1875
1804	35.1	31.1875
1805	35.1	31.25
1806	35.1	31.25
1807	35.1	31.25
1808	35.1	31.25
1809	35.1	31.25
1810	35.1	31.25
1811	35.1	31.25
1812	35.1	31.25
1813	35.1	31.25
1814	35.1	31.25
1815	35.1	31.25
1816	35.1	31.25
1817	35.1	31.25
1818	35.1	31.25
1819	35.1	31.25
1820	35.1	31.25
1821	35.1	31.25
1822	35.1	31.25
1823	35.1	31.25
1824	35.1	31.25
1825	35.1	31.25
1826	35.1	31.25
1827	35.1	31.25
1828	35.1	31.25
1829	35.1	31.25
1830	35.1	31.25
1831	35.1	31.25
1832	35.1	31.25
1833	35.1	31.25
1834	35.1	31.25
1835	35.1	31.25
1836	35.1	31.3125
1837	35.1	31.3125
1838	35.1	31.25
1839	35.2	31.3125
1840	35.2	31.25
1841	35.2	31.3125
1842	35.2	31.25
1843	35.2	31.25
1844	35.2	31.3125
1845	35.2	31.25
1846	35.2	31.25
1847	35.2	31.25
1848	35.2	31.25
1849	35.2	31.3125
1850	35.2	31.3125
1851	35.2	31.3125
1852	35.2	31.25
1853	35.2	31.3125
1854	35.2	31.25
1855	35.2	31.3125
1856	35.2	31.3125
1857	35.2	31.3125
1858	35.2	31.3125
1859	35.2	31.3125
1860	35.2	31.3125
1861	35.2	31.3125
1862	35.2	31.3125
1863	35.2	31.3125
1864	35.2	31.3125
1865	35.2	31.3125
1866	35.2	31.3125
1867	35.2	31.3125
1868	35.2	31.3125
1869	35.2	31.3125
1870	35.2	31.3125
1871	35.2	31.3125
1872	35.2	31.3125
1873	35.2	31.3125
1874	35.2	31.375
1875	35.2	31.3125
1876	35.2	31.3125
1877	35.2	31.3125
1878	35.2	31.3125
1879	35.2	31.3125
1880	35.2	31.3125
1881	35.2	31.3125
1882	35.2	31.375
1883	35.2	31.3125
1884	35.2	31.3125
1885	35.2	31.3125
1886	35.2	31.3125
1887	35.2	31.375
1888	35.2	31.3125
1889	35.2	31.3125
1890	35.2	31.3125
1891	35.2	31.3125
1892	35.2	31.3125
1893	35.2	31.3125
1894	35.2	31.375
1895	35.2	31.375
1896	35.2	31.375
1897	35.2	31.375
1898	35.2	31.3125
1899	35.2	31.375
1900	35.2	31.375
1901	35.2	31.375
1902	35.2	31.375
1903	35.2	31.375
1904	35.2	31.375
1905	35.2	31.375
1906	35.2	31.375
1907	35.2	31.375
1908	35.2	31.375
1909	35.2	31.375
1910	35.2	31.3125
1911	35.2	31.375
1912	35.2	31.375
1913	35.2	31.375
1914	35.2	31.375
1915	35.2	31.375
1916	35.2	31.375
1917	35.2	31.375
1918	35.2	31.375
1919	35.2	31.375
1920	35.2	31.375
1921	35.2	31.375
1922	35.2	31.375
1923	35.2	31.375
1924	35.2	31.375
1925	35.2	31.375
1926	35.3	31.375
1927	35.3	31.375
1928	35.3	31.375
1929	35.3	31.375
1930	35.3	31.375
1931	35.3	31.375
1932	35.2	31.375
1933	35.2	31.375
1934	35.3	31.375
1935	35.3	31.375
1936	35.3	31.375
1937	35.3	31.4375
1938	35.3	31.375
1939	35.3	31.4375
1940	35.3	31.4375
1941	35.3	31.375
1942	35.3	31.4375
1943	35.3	31.4375
1944	35.3	31.4375
1945	35.3	31.375
1946	35.3	31.4375
1947	35.3	31.375
1948	35.3	31.4375
1949	35.3	31.4375
1950	35.3	31.4375
1951	35.3	31.4375
1952	35.3	31.4375
1953	35.3	31.4375
1954	35.3	31.4375
1955	35.3	31.4375
1956	35.3	31.4375
1957	35.3	31.4375
1958	35.3	31.4375
1959	35.3	31.4375
1960	35.3	31.4375
1961	35.3	31.4375
1962	35.3	31.4375
1963	35.3	31.4375
1964	35.3	31.4375
1965	35.3	31.4375
1966	35.3	31.4375
1967	35.3	31.4375
1968	35.3	31.4375
1969	35.3	31.4375
1970	35.3	31.4375
1971	35.3	31.4375
1972	35.3	31.4375
1973	35.3	31.4375
1974	35.3	31.4375
1975	35.3	31.4375
1976	35.3	31.4375
1977	35.3	31.4375
1978	35.3	31.4375
1979	35.3	31.4375
1980	35.3	31.4375
1981	35.3	31.4375
1982	35.3	31.4375
1983	35.3	31.4375
1984	35.3	31.4375
1985	35.3	31.4375
1986	35.3	31.5
1987	35.3	31.5
1988	35.3	31.5
1989	35.3	31.5
1990	35.3	31.5
1991	35.3	31.4375
1992	35.3	31.5
1993	35.3	31.4375
1994	35.3	31.5
1995	35.3	31.5
1996	35.3	31.5
1997	35.3	31.4375
1998	35.3	31.4375
1999	35.3	31.4375
2000	35.3	31.5
2001	35.3	31.5
2002	35.3	31.5
2003	35.3	31.4375
2004	35.3	31.5
2005	35.3	31.5
2006	35.3	31.5
2007	35.3	31.5
2008	35.3	31.5
2009	35.3	31.5
2010	35.3	31.5
2011	35.3	31.5
2012	35.3	31.5
2013	35.3	31.5
2014	35.3	31.5
2015	35.3	31.5
2016	35.3	31.5
2017	35.3	31.5
2018	35.4	31.5
2019	35.4	31.5
2020	35.4	31.5
2021	35.4	31.5
2022	35.4	31.5
2023	35.4	31.5
2024	35.4	31.5
2025	35.4	31.5
2026	35.4	31.5
2027	35.4	31.5
2028	35.4	31.5
2029	35.4	31.5
2030	35.4	31.5
2031	35.4	31.5
2032	35.4	31.5
2033	35.4	31.5
2034	35.4	31.5
2035	35.4	31.5
2036	35.4	31.5
2037	35.4	31.5
2038	35.4	31.5
2039	35.4	31.5
2040	35.4	31.5
2041	35.4	31.5
2042	35.4	31.5
2043	35.4	31.5
2044	35.4	31.5
2045	35.4	31.5
2046	35.4	31.5
2047	35.4	31.5625
2048	35.4	31.5625
2049	35.4	31.5
2050	35.4	31.5
2051	35.4	31.5
2052	35.4	31.5
2053	35.4	31.5625
2054	35.4	31.5
2055	35.4	31.5625
2056	35.4	31.5
2057	35.4	31.5625
2058	35.4	31.5
2059	35.4	31.5
2060	35.4	31.5625
2061	35.4	31.5625
2062	35.4	31.5625
2063	35.4	31.5
2064	35.4	31.5625
2065	35.4	31.5
2066	35.4	31.5625
2067	35.4	31.5625
2068	35.4	31.5625
2069	35.4	31.5
2070	35.4	31.5625
2071	35.4	31.5625
2072	35.4	31.5625
2073	35.4	31.5625
2074	35.4	31.5625
2075	35.4	31.5625
2076	35.4	31.5625
2077	35.4	31.5625
2078	35.4	31.5625
2079	35.4	31.5625
2080	35.4	31.5625
2081	35.4	31.5625
2082	35.4	31.5625
2083	35.4	31.5625
2084	35.4	31.5625
2085	35.4	31.5625
2086	35.4	31.5625
2087	35.4	31.5625
2088	35.4	31.5625
2089	35.4	31.5625
2090	35.4	31.5625
2091	35.4	31.5625
2092	35.4	31.5625
2093	35.4	31.5625
2094	35.4	31.5625
2095	35.4	31.5625
2096	35.4	31.5625
2097	35.4	31.5625
2098	35.4	31.5625
2099	35.4	31.5625
2100	35.4	31.5625
2101	35.4	31.5625
2102	35.4	31.5625
2103	35.4	31.5625
2104	35.4	31.5625
2105	35.4	31.5625
2106	35.4	31.5625
2107	35.4	31.5625
2108	35.4	31.5625
2109	35.4	31.5625
2110	35.4	31.5625
2111	35.4	31.5625
2112	35.4	31.5625
2113	35.4	31.625
2114	35.4	31.5625
2115	35.4	31.5625
2116	35.4	31.625
2117	35.4	31.625
2118	35.4	31.5625
2119	35.4	31.5625
2120	35.4	31.5625
2121	35.4	31.5625
2122	35.5	31.5625
2123	35.5	31.625
2124	35.5	31.625
2125	35.5	31.5625
2126	35.4	31.625
2127	35.4	31.5625
2128	35.5	31.5625
2129	35.5	31.5625
2130	35.5	31.625
2131	35.5	31.625
2132	35.5	31.625
2133	35.5	31.625
2134	35.5	31.5625
2135	35.5	31.625
2136	35.5	31.625
2137	35.5	31.625
2138	35.5	31.625
2139	35.5	31.625
2140	35.5	31.625
2141	35.5	31.625
2142	35.5	31.625
2143	35.5	31.625
2144	35.5	31.625
2145	35.5	31.625
2146	35.5	31.625
2147	35.5	31.625
2148	35.5	31.625
2149	35.5	31.625
2150	35.5	31.625
2151	35.5	31.625
2152	35.5	31.625
2153	35.5	31.625
2154	35.5	31.625
2155	35.5	31.625
2156	35.5	31.625
2157	35.5	31.625
2158	35.5	31.625
2159	35.5	31.625
2160	35.5	31.625
2161	35.5	31.625
2162	35.5	31.625
2163	35.5	31.625
2164	35.5	31.625
2165	35.5	31.625
2166	35.5	31.625
2167	35.5	31.625
2168	35.5	31.625
2169	35.5	31.625
2170	35.5	31.6875
2171	35.5	31.625
2172	35.5	31.625
2173	35.5	31.625
2174	35.5	31.625
2175	35.5	31.625
2176	35.5	31.625
2177	35.5	31.625
2178	35.5	31.625
2179	35.5	31.625
2180	35.5	31.6875
2181	35.5	31.625
2182	35.5	31.625
2183	35.5	31.625
2184	35.5	31.625
2185	35.5	31.625
2186	35.5	31.6875
2187	35.5	31.625
2188	35.5	31.6875
2189	35.5	31.625
2190	35.5	31.6875
2191	35.5	31.6875
2192	35.5	31.6875
2193	35.5	31.625
2194	35.5	31.6875
2195	35.5	31.625
2196	35.5	31.625
2197	35.5	31.6875
2198	35.5	31.6875
2199	35.5	31.6875
2200	35.5	31.6875
2201	35.5	31.625
2202	35.5	31.6875
2203	35.5	31.6875
2204	35.5	31.6875
2205	32.5	31.6875
2206	26.1	31.6875
2207	35.5	31.6875