#t(s)	T TESTO (°C)	T DS18B20 (°C)
1	33	29.4375
2	33.1	29.5
3	33.1	29.5
4	33.1	29.4375
5	33.1	29.4375
6	33.1	29.4375
7	33.1	29.4375
8	33.1	29.5
9	33.1	29.5
10	33.1	29.5
11	33.1	29.5
12	33.1	29.5
13	33.1	29.4375
14	33.1	29.4375
15	33.1	29.5
16	33.1	29.5
17	33.1	29.5
18	33.1	29.4375
19	33.1	29.5
20	33.1	29.5
21	33.1	29.5
22	33.1	29.5
23	33.1	29.5
24	33.1	29.5
25	33.1	29.5
26	33.1	29.5
27	33.1	29.5
28	33.1	29.5
29	33.1	29.5
30	33.1	29.5
31	33.1	29.5
32	33.1	29.5
33	33.1	29.5
34	33.1	29.5
35	33.1	29.5
36	33.1	29.5
37	33.1	29.5
38	33.1	29.5
39	33.1	29.5
40	33.1	29.5
41	33.1	29.5
42	33.1	29.5
43	33.1	29.5
44	33.1	29.5
45	33.1	29.5
46	33.1	29.5
47	33.1	29.5
48	33.1	29.5625
49	33.1	29.5
50	33.1	29.5625
51	33.1	29.5
52	33.1	29.5
53	33.1	29.5
54	33.1	29.5625
55	33.1	29.5
56	33.1	29.5
57	33.1	29.5625
58	33.1	29.5625
59	33.1	29.5625
60	33.1	29.5625
61	33.1	29.5625
62	33.1	29.5625
63	33.1	29.5625
64	33.1	29.5625
65	33.1	29.5625
66	33.1	29.5625
67	33.1	29.5625
68	33.1	29.5625
69	33.1	29.5625
70	33.2	29.5625
71	33.2	29.5625
72	33.2	29.5625
73	33.2	29.5625
74	33.2	29.5625
75	33.2	29.5625
76	33.2	29.5625
77	33.2	29.5625
78	33.2	29.5625
79	33.2	29.5625
80	33.2	29.5625
81	33.2	29.5625
82	33.2	29.5625
83	33.2	29.5625
84	33.2	29.5625
85	33.2	29.625
86	33.3	29.5625
87	33.3	29.5625
88	33.2	29.5625
89	33.2	29.5625
90	33.3	29.5625
91	33.3	29.5625
92	33.3	29.625
93	33.3	29.5625
94	33.3	29.5625
95	33.3	29.625
96	33.3	29.625
97	33.3	29.625
98	33.3	29.625
99	33.3	29.625
100	33.3	29.625
101	33.3	29.625
102	33.3	29.625
103	33.3	29.625
104	33.3	29.625
105	33.3	29.625
106	33.3	29.625
107	33.3	29.625
108	33.3	29.625
109	33.3	29.625
110	33.3	29.625
111	33.3	29.625
112	33.3	29.625
113	33.3	29.625
114	33.3	29.625
115	33.3	29.625
116	33.3	29.625
117	33.3	29.625
118	33.3	29.625
119	33.3	29.625
120	33.3	29.625
121	33.3	29.625
122	33.3	29.6875
123	33.3	29.625
124	33.4	29.625
125	33.4	29.6875
126	33.4	29.625
127	33.4	29.625
128	33.4	29.625
129	33.4	29.6875
130	33.4	29.625
131	33.4	29.625
132	33.4	29.625
133	33.4	29.625
134	33.4	29.625
135	33.4	29.625
136	33.4	29.625
137	33.4	29.625
138	33.4	29.625
139	33.4	29.625
140	33.4	29.625
141	33.4	29.6875
142	33.4	29.625
143	33.4	29.6875
144	33.4	29.6875
145	33.4	29.6875
146	33.4	29.6875
147	33.4	29.6875
148	33.4	29.6875
149	33.4	29.6875
150	33.4	29.6875
151	33.4	29.625
152	33.4	29.6875
153	33.4	29.6875
154	33.4	29.6875
155	33.4	29.6875
156	33.4	29.6875
157	33.4	29.6875
158	33.4	29.6875
159	33.4	29.6875
160	33.4	29.6875
161	33.4	29.6875
162	33.5	29.6875
163	33.5	29.6875
164	33.5	29.6875
165	33.5	29.6875
166	33.5	29.6875
167	33.5	29.6875
168	33.5	29.6875
169	33.5	29.6875
170	33.5	29.6875
171	33.5	29.6875
172	33.5	29.6875
173	33.5	29.6875
174	33.5	29.6875
175	33.5	29.75
176	33.5	29.6875
177	33.5	29.6875
178	33.5	29.75
179	33.5	29.75
180	33.6	29.6875
181	33.6	29.75
182	33.6	29.6875
183	33.6	29.75
184	33.6	29.75
185	33.6	29.75
186	33.6	29.75
187	33.6	29.75
188	33.6	29.75
189	33.6	29.75
190	33.6	29.75
191	33.6	29.75
192	33.6	29.75
193	33.6	29.75
194	33.6	29.6875
195	33.6	29.75
196	33.6	29.75
197	33.6	29.75
198	33.6	29.75
199	33.6	29.75
200	33.6	29.75
201	33.6	29.75
202	33.6	29.75
203	33.6	29.75
204	33.6	29.75
205	33.6	29.75
206	33.6	29.75
207	33.6	29.75
208	33.6	29.75
209	33.6	29.75
210	33.6	29.75
211	33.6	29.75
212	33.6	29.75
213	33.6	29.75
214	33.6	29.75
215	33.6	29.75
216	33.6	29.8125
217	33.6	29.75
218	33.7	29.8125
219	33.7	29.75
220	33.7	29.75
221	33.7	29.75
222	33.7	29.8125
223	33.7	29.75
224	33.7	29.75
225	33.7	29.75
226	33.7	29.75
227	33.7	29.75
228	33.7	29.8125
229	33.7	29.75
230	33.7	29.75
231	33.7	29.8125
232	33.7	29.8125
233	33.7	29.75
234	33.7	29.8125
235	33.7	29.8125
236	33.7	29.8125
237	33.7	29.8125
238	33.7	29.8125
239	33.7	29.8125
240	33.7	29.8125
241	33.7	29.8125
242	33.7	29.8125
243	33.7	29.8125
244	33.7	29.8125
245	33.7	29.8125
246	33.7	29.8125
247	33.7	29.8125
248	33.7	29.8125
249	33.7	29.8125
250	33.7	29.8125
251	33.7	29.8125
252	33.7	29.8125
253	33.7	29.8125
254	33.7	29.8125
255	33.7	29.8125
256	33.7	29.8125
257	33.7	29.8125
258	33.7	29.8125
259	33.8	29.8125
260	33.8	29.8125
261	33.8	29.8125
262	33.8	29.8125
263	33.8	29.8125
264	33.8	29.875
265	33.8	29.8125
266	33.8	29.8125
267	33.8	29.875
268	33.8	29.875
269	33.8	29.8125
270	33.8	29.875
271	33.8	29.875
272	33.8	29.875
273	33.8	29.875
274	33.8	29.875
275	33.8	29.875
276	33.8	29.875
277	33.8	29.875
278	33.8	29.875
279	33.9	29.875
280	33.9	29.875
281	33.8	29.875
282	33.8	29.875
283	33.9	29.8125
284	33.9	29.875
285	33.9	29.875
286	33.9	29.875
287	33.9	29.875
288	33.9	29.875
289	33.9	29.875
290	33.9	29.875
291	33.9	29.875
292	33.9	29.875
293	33.9	29.875
294	33.9	29.875
295	33.9	29.875
296	33.9	29.875
297	33.9	29.875
298	33.9	29.875
299	33.9	29.875
300	33.9	29.875
301	33.9	29.875
302	33.9	29.875
303	33.9	29.875
304	33.9	29.875
305	33.9	29.875
306	33.9	29.875
307	33.9	29.875
308	33.9	29.9375
309	33.9	29.875
310	33.9	29.875
311	33.9	29.875
312	33.9	29.875
313	33.9	29.875
314	33.9	29.875
315	33.9	29.9375
316	33.9	29.9375
317	33.9	29.9375
318	33.9	29.9375
319	33.9	29.875
320	33.9	29.9375
321	33.9	29.9375
322	33.9	29.9375
323	33.9	29.9375
324	33.9	29.9375
325	33.9	29.875
326	33.9	29.9375
327	33.9	29.9375
328	33.9	29.9375
329	33.9	29.9375
330	33.9	29.9375
331	34	29.9375
332	34	29.9375
333	34	29.9375
334	34	29.9375
335	34	29.9375
336	34	29.9375
337	34	29.9375
338	34	29.9375
339	34	29.9375
340	34	29.9375
341	34	29.9375
342	34	29.9375
343	34	29.9375
344	34	29.9375
345	34	29.9375
346	34	29.9375
347	34	29.9375
348	34	29.9375
349	34	29.9375
350	34	29.9375
351	34	29.9375
352	34	29.9375
353	34	29.9375
354	34	29.9375
355	34	29.9375
356	34	29.9375
357	34	29.9375
358	34	29.9375
359	34	29.9375
360	34	29.9375
361	34	29.9375
362	34	29.9375
363	34	29.9375
364	34	29.9375
365	34	29.9375
366	34	29.9375
367	34	29.9375
368	34	29.9375
369	34	29.9375
370	34	29.9375
371	34	29.9375
372	34	29.9375
373	34	29.9375
374	34	29.9375
375	34	29.9375
376	34	29.9375
377	34	29.9375
378	34	29.9375
379	34	29.9375
380	34	29.9375
381	34	29.9375
382	34	29.9375
383	34	29.9375
384	34	29.9375
385	34	29.9375
386	34	29.9375
387	34.1	29.9375
388	34.1	30.0625
389	34.1	30.0625
390	34.1	30.0625
391	34.1	30.0625
392	34.1	30.0625
393	34.1	30.0625
394	34.1	30.0625
395	34.1	30.0625
396	34.1	30.0625
397	34.1	30.0625
398	34.1	30.0625
399	34.1	30.0625
400	34.1	30.0625
401	34.1	30.0625
402	34.1	30.0625
403	34.1	30.0625
404	34.1	30.0625
405	34.1	30.0625
406	34.1	30.0625
407	34.1	30.0625
408	34.1	30.0625
409	34.1	30.0625
410	34.1	30.0625
411	34.1	30.0625
412	34.1	30.0625
413	34.1	30.0625
414	34.1	30.0625
415	34.2	30.0625
416	34.2	30.0625
417	34.1	30.0625
418	34.1	30.0625
419	34.2	30.0625
420	34.2	30.0625
421	34.2	30.0625
422	34.2	30.0625
423	34.2	30.0625
424	34.2	30.0625
425	34.2	30.0625
426	34.2	30.0625
427	34.2	30.0625
428	34.2	30.0625
429	34.2	30.0625
430	34.2	30.0625
431	34.2	30.0625
432	34.2	30.0625
433	34.2	30.0625
434	34.2	30.0625
435	34.2	30.0625
436	34.2	30.0625
437	34.2	30.0625
438	34.2	30.0625
439	34.2	30.0625
440	34.2	30.0625
441	34.2	30.0625
442	34.2	30.0625
443	34.2	30.0625
444	34.2	30.0625
445	34.2	30.0625
446	34.2	30.0625
447	34.2	30.125
448	34.2	30.125
449	34.2	30.125
450	34.2	30.0625
451	34.2	30.125
452	34.2	30.0625
453	34.2	30.125
454	34.2	30.125
455	34.2	30.0625
456	34.2	30.125
457	34.2	30.0625
458	34.2	30.125
459	34.2	30.125
460	34.2	30.125
461	34.2	30.125
462	34.2	30.125
463	34.2	30.125
464	34.2	30.125
465	34.2	30.125
466	34.2	30.125
467	34.2	30.125
468	34.2	30.125
469	34.2	30.125
470	34.2	30.125
471	34.2	30.125
472	34.2	30.125
473	34.2	30.125
474	34.2	30.125
475	34.2	30.125
476	34.2	30.125
477	34.2	30.125
478	34.2	30.125
479	34.2	30.125
480	34.2	30.125
481	34.2	30.125
482	34.2	30.125
483	34.2	30.125
484	34.2	30.125
485	34.2	30.125
486	34.2	30.125
487	34.2	30.1875
488	34.3	30.125
489	34.3	30.125
490	34.3	30.125
491	34.3	30.125
492	34.3	30.125
493	34.3	30.125
494	34.3	30.125
495	34.3	30.125
496	34.3	30.125
497	34.3	30.125
498	34.3	30.1875
499	34.3	30.125
500	34.3	30.1875
501	34.3	30.125
502	34.3	30.1875
503	34.3	30.1875
504	34.3	30.125
505	34.3	30.1875
506	34.3	30.1875
507	34.3	30.1875
508	34.3	30.1875
509	34.3	30.1875
510	34.3	30.1875
511	34.3	30.1875
512	34.3	30.1875
513	34.3	30.1875
514	34.3	30.1875
515	34.3	30.1875
516	34.3	30.1875
517	34.3	30.1875
518	34.3	30.1875
519	34.3	30.1875
520	34.3	30.1875
521	34.3	30.1875
522	34.3	30.1875
523	34.3	30.1875
524	34.3	30.1875
525	34.3	30.1875
526	34.3	30.1875
527	34.3	30.1875
528	34.3	30.1875
529	34.3	30.1875
530	34.3	30.1875
531	34.3	30.1875
532	34.3	30.1875
533	34.3	30.1875
534	34.3	30.1875
535	34.3	30.1875
536	34.3	30.1875
537	34.3	30.1875
538	34.3	30.1875
539	34.3	30.1875
540	34.3	30.1875
541	34.3	30.1875
542	34.3	30.1875
543	34.3	30.1875
544	34.3	30.1875
545	34.3	30.1875
546	34.3	30.1875
547	34.3	30.1875
548	34.3	30.1875
549	34.3	30.1875
550	34.3	30.25
551	34.3	30.25
552	34.3	30.1875
553	34.3	30.1875
554	34.3	30.1875
555	34.3	30.25
556	34.3	30.1875
557	34.3	30.25
558	34.3	30.25
559	34.3	30.1875
560	34.3	30.25
561	34.3	30.25
562	34.3	30.25
563	34.3	30.25
564	34.4	30.25
565	34.4	30.25
566	34.4	30.25
567	34.4	30.25
568	34.4	30.1875
569	34.4	30.25
570	34.4	30.25
571	34.4	30.1875
572	34.4	30.25
573	34.4	30.25
574	34.4	30.25
575	34.4	30.25
576	34.4	30.25
577	34.4	30.25
578	34.4	30.25
579	34.4	30.25
580	34.4	30.25
581	34.4	30.25
582	34.4	30.25
583	34.4	30.1875
584	34.4	30.25
585	34.4	30.3125
586	34.4	30.25
587	34.4	30.25
588	34.4	30.25
589	34.4	30.25
590	34.4	30.25
591	34.4	30.25
592	34.4	30.25
593	34.4	30.25
594	34.4	30.25
595	34.4	30.25
596	34.4	30.25
597	34.4	30.25
598	34.4	30.25
599	34.4	30.25
600	34.4	30.25
601	34.4	30.25
602	34.4	30.25
603	34.4	30.25
604	34.4	30.25
605	34.4	30.25
606	34.4	30.25
607	34.4	30.25
608	34.5	30.25
609	34.5	30.25
610	34.4	30.3125
611	34.4	30.3125
612	34.4	30.25
613	34.4	30.25
614	34.5	30.25
615	34.5	30.25
616	34.4	30.3125
617	34.4	30.3125
618	34.5	30.25
619	34.5	30.3125
620	34.5	30.3125
621	34.5	30.25
622	34.5	30.3125
623	34.5	30.3125
624	34.5	30.3125
625	34.5	30.3125
626	34.5	30.3125
627	34.5	30.25
628	34.5	30.3125
629	34.5	30.3125
630	34.5	30.3125
631	34.5	30.25
632	34.5	30.3125
633	34.5	30.3125
634	34.5	30.3125
635	34.5	30.3125
636	34.5	30.3125
637	34.5	30.3125
638	34.5	30.3125
639	34.5	30.3125
640	34.5	30.3125
641	34.5	30.3125
642	34.5	30.3125
643	34.5	30.3125
644	34.5	30.3125
645	34.5	30.3125
646	34.5	30.3125
647	34.5	30.3125
648	34.5	30.3125
649	34.5	30.3125
650	34.5	30.3125
651	34.5	30.3125
652	34.5	30.3125
653	34.5	30.3125
654	34.5	30.3125
655	34.5	30.3125
656	34.5	30.3125
657	34.5	30.3125
658	34.5	30.3125
659	34.5	30.3125
660	34.5	30.3125
661	34.5	30.3125
662	34.5	30.3125
663	34.5	30.3125
664	34.5	30.3125
665	34.5	30.3125
666	34.5	30.3125
667	34.5	30.3125
668	34.5	30.3125
669	34.5	30.3125
670	34.5	30.3125
671	34.5	30.3125
672	34.5	30.3125
673	34.5	30.3125
674	34.5	30.375
675	34.5	30.3125
676	34.5	30.3125
677	34.5	30.3125
678	34.5	30.3125
679	34.5	30.375
680	34.5	30.3125
681	34.5	30.3125
682	34.5	30.3125
683	34.5	30.3125
684	34.5	30.375
685	34.5	30.3125
686	34.5	30.375
687	34.5	30.375
688	34.5	30.375
689	34.5	30.375
690	34.5	30.3125
691	34.5	30.375
692	34.5	30.375
693	34.5	30.375
694	34.5	30.375
695	34.5	30.375
696	34.6	30.375
697	34.6	30.375
698	34.6	30.375
699	34.6	30.375
700	34.6	30.375
701	34.6	30.375
702	34.6	30.375
703	34.6	30.375
704	34.6	30.375
705	34.6	30.375
706	34.6	30.375
707	34.6	30.375
708	34.6	30.375
709	34.6	30.375
710	34.6	30.375
711	34.6	30.375
712	34.6	30.375
713	34.6	30.375
714	34.6	30.375
715	34.6	30.375
716	34.6	30.375
717	34.6	30.375
718	34.6	30.375
719	34.6	30.375
720	34.6	30.375
721	34.6	30.375
722	34.6	30.375
723	34.6	30.375
724	34.6	30.375
725	34.6	30.375
726	34.6	30.4375
727	34.6	30.4375
728	34.6	30.375
729	34.6	30.375
730	34.6	30.375
731	34.6	30.375
732	34.6	30.4375
733	34.6	30.375
734	34.6	30.375
735	34.6	30.375
736	34.6	30.375
737	34.6	30.375
738	34.6	30.4375
739	34.6	30.375
740	34.6	30.4375
741	34.6	30.375
742	34.6	30.375
743	34.6	30.375
744	34.6	30.375
745	34.6	30.375
746	34.6	30.375
747	34.6	30.4375
748	34.6	30.4375
749	34.6	30.4375
750	34.6	30.4375
751	34.6	30.4375
752	34.6	30.375
753	34.6	30.4375
754	34.6	30.4375
755	34.6	30.4375
756	34.6	30.4375
757	34.6	30.4375
758	34.6	30.375
759	34.6	30.4375
760	34.6	30.375
761	34.6	30.4375
762	34.6	30.4375
763	34.6	30.4375
764	34.6	30.4375
765	34.6	30.4375
766	34.6	30.4375
767	34.6	30.4375
768	34.6	30.4375
769	34.6	30.4375
770	34.6	30.4375
771	34.6	30.4375
772	34.6	30.4375
773	34.6	30.4375
774	34.6	30.4375
775	34.6	30.4375
776	34.6	30.4375
777	34.6	30.4375
778	34.6	30.4375
779	34.6	30.4375
780	34.6	30.4375
781	34.6	30.4375
782	34.6	30.4375
783	34.6	30.4375
784	34.6	30.4375
785	34.6	30.4375
786	34.6	30.4375
787	34.6	30.4375
788	34.6	30.4375
789	34.6	30.4375
790	34.6	30.4375
791	34.6	30.4375
792	34.6	30.4375
793	34.6	30.4375
794	34.6	30.4375
795	34.6	30.4375
796	34.6	30.4375
797	34.6	30.4375
798	34.6	30.4375
799	34.6	30.4375
800	34.6	30.4375
801	34.6	30.5
802	34.6	30.4375
803	34.6	30.4375
804	34.6	30.4375
805	34.6	30.4375
806	34.6	30.4375
807	34.6	30.4375
808	34.6	30.4375
809	34.7	30.5
810	34.7	30.4375
811	34.7	30.4375
812	34.7	30.4375
813	34.7	30.5
814	34.7	30.5
815	34.7	30.4375
816	34.7	30.4375
817	34.7	30.5
818	34.7	30.4375
819	34.7	30.4375
820	34.7	30.5
821	34.7	30.4375
822	34.7	30.4375
823	34.7	30.4375
824	34.7	30.5
825	34.7	30.5
826	34.7	30.4375
827	34.7	30.5
828	34.7	30.5
829	34.7	30.5
830	34.7	30.5
831	34.7	30.5
832	34.7	30.5
833	34.7	30.5
834	34.7	30.5
835	34.7	30.5
836	34.7	30.5
837	34.7	30.5
838	34.7	30.5
839	34.7	30.4375
840	34.7	30.5
841	34.7	30.5
842	34.7	30.5
843	34.7	30.5
844	34.7	30.5
845	34.7	30.5
846	34.7	30.5
847	34.7	30.5
848	34.7	30.5
849	34.7	30.5
850	34.7	30.5
851	34.7	30.5
852	34.7	30.5
853	34.7	30.5
854	34.7	30.5
855	34.7	30.5
856	34.7	30.5
857	34.7	30.5
858	34.7	30.5
859	34.7	30.5
860	34.7	30.5
861	34.7	30.5
862	34.7	30.5
863	34.7	30.5
864	34.7	30.5
865	34.7	30.5
866	34.7	30.5
867	34.7	30.5
868	34.7	30.5
869	34.7	30.5
870	34.7	30.5
871	34.7	30.5
872	34.7	30.5
873	34.7	30.5
874	34.7	30.5
875	34.7	30.5
876	34.7	30.5625
877	34.8	30.5
878	34.8	30.5
879	34.8	30.5
880	34.8	30.5
881	34.7	30.5
882	34.7	30.5625
883	34.7	30.5625
884	34.7	30.5
885	34.7	30.5
886	34.7	30.5625
887	34.7	30.5
888	34.7	30.5
889	34.8	30.5625
890	34.8	30.5
891	34.7	30.5
892	34.7	30.5625
893	34.8	30.5
894	34.8	30.5
895	34.8	30.5625
896	34.8	30.5
897	34.8	30.5
898	34.8	30.5625
899	34.8	30.5625
900	34.8	30.5625
901	34.8	30.5625
902	34.8	30.5
903	34.8	30.5625
904	34.8	30.5625
905	34.8	30.5625
906	34.8	30.5
907	34.8	30.5625
908	34.8	30.5625
909	34.8	30.5625
910	34.8	30.5625
911	34.8	30.5625
912	34.8	30.5625
913	34.8	30.5625
914	34.8	30.5625
915	34.8	30.5625
916	34.8	30.5625
917	34.8	30.5625
918	34.8	30.5625
919	34.8	30.5625
920	34.8	30.5625
921	34.8	30.5625
922	34.8	30.5625
923	34.8	30.5625
924	34.8	30.5625
925	34.8	30.5625
926	34.8	30.5625
927	34.8	30.5625
928	34.8	30.5625
929	34.8	30.5625
930	34.8	30.5625
931	34.8	30.5625
932	34.8	30.5625
933	34.8	30.5625
934	34.8	30.5625
935	34.8	30.5625
936	34.8	30.5625
937	34.8	30.5625
938	34.8	30.5625
939	34.8	30.5625
940	34.8	30.5625
941	34.8	30.5625
942	34.8	30.5625
943	34.8	30.5625
944	34.8	30.5625
945	34.8	30.5625
946	34.8	30.5625
947	34.8	30.5625
948	34.8	30.5625
949	34.8	30.625
950	34.8	30.625
951	34.8	30.5625
952	34.8	30.5625
953	34.8	30.5625
954	34.8	30.5625
955	34.8	30.5625
956	34.8	30.5625
957	34.8	30.5625
958	34.8	30.5625
959	34.8	30.5625
960	34.8	30.5625
961	34.8	30.5625
962	34.8	30.625
963	34.8	30.625
964	34.8	30.625
965	34.8	30.5625
966	34.8	30.625
967	34.8	30.5625
968	34.8	30.625
969	34.8	30.5625
970	34.8	30.625
971	34.8	30.5625
972	34.8	30.5625
973	34.8	30.5625
974	34.8	30.625
975	34.8	30.625
976	34.8	30.625
977	34.8	30.625
978	34.8	30.5625
979	34.8	30.625
980	34.8	30.625
981	34.8	30.625
982	34.8	30.625
983	34.8	30.625
984	34.8	30.5625
985	34.8	30.625
986	34.8	30.625
987	34.8	30.625
988	34.8	30.625
989	34.8	30.625
990	34.8	30.625
991	34.9	30.625
992	34.9	30.625
993	34.9	30.625
994	34.9	30.5625
995	34.8	30.625
996	34.8	30.625
997	34.9	30.625
998	34.9	30.625
999	34.9	30.625
1000	34.9	30.625
1001	34.9	30.625
1002	34.9	30.625
1003	34.9	30.625
1004	34.9	30.625
1005	34.9	30.625
1006	34.9	30.625
1007	34.9	30.625
1008	34.9	30.625
1009	34.9	30.5625
1010	34.9	30.625
1011	34.9	30.6875
1012	34.9	30.625
1013	34.9	30.625
1014	34.9	30.625
1015	34.9	30.625
1016	34.9	30.625
1017	34.9	30.625
1018	34.9	30.625
1019	34.9	30.625
1020	34.9	30.625
1021	34.9	30.625
1022	34.9	30.625
1023	34.9	30.625
1024	34.9	30.625
1025	34.9	30.625
1026	34.9	30.625
1027	34.9	30.6875
1028	34.9	30.6875
1029	34.9	30.625
1030	34.9	30.625
1031	34.9	30.625
1032	34.9	30.625
1033	34.9	30.625
1034	34.9	30.625
1035	34.9	30.625
1036	34.9	30.6875
1037	34.9	30.625
1038	34.9	30.625
1039	34.9	30.625
1040	34.9	30.625
1041	34.9	30.6875
1042	34.9	30.6875
1043	34.9	30.6875
1044	34.9	30.625
1045	34.9	30.6875
1046	34.9	30.6875
1047	34.9	30.6875
1048	34.9	30.6875
1049	34.9	30.6875
1050	34.9	30.6875
1051	34.9	30.6875
1052	34.9	30.6875
1053	34.9	30.6875
1054	34.9	30.6875
1055	34.9	30.6875
1056	34.9	30.625
1057	34.9	30.6875
1058	34.9	30.6875
1059	34.9	30.625
1060	34.9	30.6875
1061	34.9	30.6875
1062	34.9	30.6875
1063	34.9	30.6875
1064	34.9	30.6875
1065	34.9	30.6875
1066	34.9	30.6875
1067	34.9	30.6875
1068	34.9	30.6875
1069	34.9	30.6875
1070	34.9	30.6875
1071	34.9	30.6875
1072	34.9	30.6875
1073	34.9	30.6875
1074	34.9	30.6875
1075	34.9	30.6875
1076	34.9	30.6875
1077	34.9	30.6875
1078	34.9	30.6875
1079	34.9	30.6875
1080	34.9	30.6875
1081	34.9	30.6875
1082	34.9	30.6875
1083	34.9	30.6875
1084	34.9	30.6875
1085	34.9	30.6875
1086	34.9	30.6875
1087	34.9	30.6875
1088	34.9	30.6875
1089	34.9	30.6875
1090	34.9	30.6875
1091	34.9	30.6875
1092	34.9	30.6875
1093	34.9	30.6875
1094	34.9	30.6875
1095	34.9	30.6875
1096	34.9	30.6875
1097	34.9	30.6875
1098	34.9	30.6875
1099	34.9	30.6875
1100	34.9	30.6875
1101	34.9	30.6875
1102	34.9	30.6875
1103	34.9	30.6875
1104	34.9	30.6875
1105	35	30.6875
1106	35	30.6875
1107	35	30.6875
1108	35	30.75
1109	35	30.6875
1110	35	30.6875
1111	35	30.75
1112	35	30.6875
1113	35	30.6875
1114	35	30.6875
1115	35	30.6875
1116	35	30.6875
1117	35	30.75
1118	35	30.6875
1119	35	30.6875
1120	35	30.6875
1121	35	30.6875
1122	35	30.6875
1123	35	30.6875
1124	35	30.75
1125	35	30.75
1126	35	30.6875
1127	35	30.75
1128	35	30.75
1129	35	30.75
1130	35	30.75
1131	35	30.75
1132	35	30.75
1133	35	30.75
1134	35	30.75
1135	35	30.75
1136	35	30.75
1137	35	30.75
1138	35	30.75
1139	35	30.75
1140	35	30.75
1141	35	30.75
1142	35	30.75
1143	35	30.75
1144	35	30.75
1145	35	30.75
1146	35	30.6875
1147	35	30.75
1148	35	30.75
1149	35	30.75
1150	35	30.75
1151	35	30.75
1152	35	30.75
1153	35	30.75
1154	35	30.75
1155	35	30.75
1156	35	30.75
1157	35	30.75
1158	35	30.6875
1159	35	30.75
1160	35	30.75
1161	35	30.75
1162	35	30.75
1163	35	30.75
1164	35	30.75
1165	35	30.75
1166	35	30.75
1167	35	30.75
1168	35	30.75
1169	35	30.75
1170	35	30.75
1171	35	30.75
1172	35	30.75
1173	35	30.75
1174	35	30.75
1175	35	30.75
1176	35	30.75
1177	35	30.75
1178	35	30.75
1179	35	30.75
1180	35	30.75
1181	35	30.75
1182	35	30.75
1183	35	30.75
1184	35	30.75
1185	35	30.75
1186	35	30.75
1187	35	30.75
1188	35	30.75
1189	35	30.8125
1190	35	30.75
1191	35	30.75
1192	35	30.8125
1193	35	30.75
1194	35	30.75
1195	35	30.75
1196	35	30.75
1197	35	30.75
1198	35	30.8125
1199	35	30.75
1200	35	30.75
1201	35	30.75
1202	35	30.8125
1203	35.1	30.75
1204	35.1	30.75
1205	35.1	30.8125
1206	35.1	30.75
1207	35.1	30.75
1208	35.1	30.8125
1209	35.1	30.8125
1210	35.1	30.75
1211	35.1	30.75
1212	35.1	30.8125
1213	35.1	30.8125
1214	35.1	30.75
1215	35.1	30.8125
1216	35.1	30.8125
1217	35.1	30.8125
1218	35.1	30.75
1219	35.1	30.8125
1220	35.1	30.8125
1221	35.1	30.8125
1222	35.1	30.8125
1223	35.1	30.8125
1224	35.1	30.8125
1225	35.1	30.8125
1226	35.1	30.8125
1227	35.1	30.8125
1228	35.1	30.8125
1229	35.1	30.8125
1230	35.1	30.8125
1231	35.1	30.8125
1232	35.1	30.8125
1233	35.1	30.8125
1234	35.1	30.8125
1235	35.1	30.8125
1236	35.1	30.8125
1237	35.1	30.8125
1238	35.1	30.8125
1239	35.1	30.8125
1240	35.1	30.8125
1241	35.1	30.8125
1242	35.1	30.8125
1243	35.1	30.8125
1244	35.1	30.8125
1245	35.1	30.8125
1246	35.1	30.8125
1247	35.1	30.8125
1248	35.1	30.8125
1249	35.1	30.8125
1250	35.1	30.8125
1251	35.1	30.8125
1252	35.1	30.8125
1253	35.1	30.8125
1254	35.1	30.8125
1255	35.1	30.75
1256	35.1	30.8125
1257	35.1	30.75
1258	35.1	30.8125
1259	35.1	30.8125
1260	35.1	30.8125
1261	35.1	30.8125
1262	35.1	30.8125
1263	35.1	30.8125
1264	35.1	30.8125
1265	35.1	30.8125
1266	35.1	30.8125
1267	35.1	30.8125
1268	35.1	30.8125
1269	35.1	30.875
1270	35.1	30.8125
1271	35.1	30.8125
1272	35.1	30.875
1273	35.1	30.8125
1274	35.1	30.8125
1275	35.1	30.8125
1276	35.1	30.8125
1277	35.1	30.8125
1278	35.1	30.8125
1279	35.1	30.8125
1280	35.1	30.8125
1281	35.1	30.8125
1282	35.1	30.8125
1283	35.1	30.8125
1284	35.1	30.8125
1285	35.1	30.8125
1286	35.1	30.8125
1287	35.1	30.8125
1288	35.1	30.8125
1289	35.1	30.8125
1290	35.2	30.875
1291	35.2	30.875
1292	35.2	30.8125
1293	35.2	30.8125
1294	35.2	30.8125
1295	35.2	30.8125
1296	35.2	30.8125
1297	35.2	30.8125
1298	35.2	30.875
1299	35.2	30.875
1300	35.2	30.875
1301	35.2	30.8125
1302	35.2	30.875
1303	35.2	30.8125
1304	35.2	30.8125
1305	35.2	30.875
1306	35.2	30.8125
1307	35.2	30.875
1308	35.2	30.875
1309	35.2	30.875
1310	35.2	30.875
1311	35.2	30.875
1312	35.2	30.8125
1313	35.2	30.8125
1314	35.2	30.8125
1315	35.2	30.875
1316	35.2	30.875
1317	35.2	30.875
1318	35.2	30.875
1319	35.2	30.875
1320	35.2	30.875
1321	35.2	30.875
1322	35.2	30.875
1323	35.2	30.875
1324	35.2	30.875
1325	35.2	30.875
1326	35.2	30.875
1327	35.2	30.8125
1328	35.2	30.875
1329	35.2	30.875
1330	35.2	30.875
1331	35.2	30.875
1332	35.2	30.875
1333	35.2	30.875
1334	35.2	30.875
1335	35.2	30.875
1336	35.2	30.875
1337	35.2	30.875
1338	35.2	30.875
1339	35.2	30.875
1340	35.2	30.875
1341	35.2	30.875
1342	35.2	30.875
1343	35.2	30.875
1344	35.2	30.875
1345	35.2	30.875
1346	35.2	30.875
1347	35.2	30.875
1348	35.2	30.875
1349	35.2	30.875
1350	35.2	30.875
1351	35.2	30.875
1352	35.2	30.875
1353	35.2	30.875
1354	35.2	30.875
1355	35.2	30.875
1356	35.2	30.875
1357	35.2	30.9375
1358	35.2	30.875
1359	35.2	30.875
1360	35.2	30.875
1361	35.2	30.875
1362	35.2	30.9375
1363	35.2	30.875
1364	35.2	30.875
1365	35.2	30.875
1366	35.2	30.875
1367	35.2	30.875
1368	35.2	30.9375
1369	35.2	30.9375
1370	35.2	30.875
1371	35.2	30.875
1372	35.2	30.875
1373	35.2	30.9375
1374	35.2	30.875
1375	35.2	30.9375
1376	35.2	30.9375
1377	35.2	30.9375
1378	35.2	30.9375
1379	35.2	30.9375
1380	35.2	30.9375
1381	35.2	30.875
1382	35.2	30.875
1383	35.2	30.9375
1384	35.2	30.9375
1385	35.2	30.9375
1386	35.2	30.875
1387	35.2	30.9375
1388	35.2	30.9375
1389	35.2	30.9375
1390	35.2	30.9375
1391	35.2	30.875
1392	35.2	30.9375
1393	35.2	30.9375
1394	35.2	30.9375
1395	35.2	30.9375
1396	35.2	30.9375
1397	35.2	30.9375
1398	35.2	30.875
1399	35.2	30.9375
1400	35.2	30.9375
1401	35.2	30.9375
1402	35.2	30.9375
1403	35.2	30.9375
1404	35.2	30.9375
1405	35.2	30.9375
1406	35.2	30.9375
1407	35.2	30.9375
1408	35.2	30.9375
1409	35.2	30.9375
1410	35.2	30.9375
1411	35.2	30.9375
1412	35.2	30.9375
1413	35.2	30.9375
1414	35.2	30.9375
1415	35.2	30.9375
1416	35.2	30.9375
1417	35.2	30.9375
1418	35.2	30.9375
1419	35.2	30.9375
1420	35.2	30.9375
1421	35.2	30.9375
1422	35.2	30.9375
1423	35.2	30.9375
1424	35.2	30.9375
1425	35.2	30.9375
1426	35.2	30.9375
1427	35.2	30.9375
1428	35.2	30.9375
1429	35.2	30.9375
1430	35.2	30.9375
1431	35.2	30.9375
1432	35.2	30.9375
1433	35.2	30.9375
1434	35.2	30.9375
1435	35.2	31
1436	35.2	30.9375
1437	35.2	30.9375
1438	35.2	30.9375
1439	35.2	30.9375
1440	35.2	30.9375
1441	35.2	30.9375
1442	35.2	30.9375
1443	35.2	30.9375
1444	35.2	30.9375
1445	35.2	31
1446	35.2	30.9375
1447	35.2	30.9375
1448	35.2	30.9375
1449	35.2	30.9375
1450	35.2	30.9375
1451	35.2	31
1452	35.2	30.9375
1453	35.2	30.9375
1454	35.2	30.9375
1455	35.2	30.9375
1456	35.2	30.9375
1457	35.2	30.9375
1458	35.2	30.9375
1459	35.2	30.9375
1460	35.2	30.9375
1461	35.2	30.9375
1462	35.2	30.9375
1463	35.2	31
1464	35.2	30.9375
1465	35.2	30.9375
1466	35.2	31
1467	35.2	31
1468	35.2	31
1469	35.2	31
1470	35.2	31
1471	35.2	30.9375
1472	35.2	30.9375
1473	35.2	30.9375
1474	35.2	31
1475	35.2	31
1476	35.2	31
1477	35.2	31
1478	35.2	30.9375
1479	35.2	31
1480	35.2	30.9375
1481	35.2	31
1482	35.2	31
1483	35.3	31
1484	35.3	30.9375
1485	35.3	31
1486	35.3	31
1487	35.3	31
1488	35.3	30.9375
1489	35.3	30.9375
1490	35.3	31
1491	35.3	31
1492	35.3	31
1493	35.3	31
1494	35.3	31
1495	35.3	31
1496	35.3	31
1497	35.3	31
1498	35.3	31
1499	35.3	31
1500	35.3	31
1501	35.3	31
1502	35.3	31
1503	35.3	31
1504	35.3	31
1505	35.3	31
1506	35.3	31
1507	35.3	31
1508	35.3	31
1509	35.3	31
1510	35.3	31
1511	35.3	31
1512	35.3	31
1513	35.3	31
1514	35.3	31
1515	35.3	31
1516	35.3	31
1517	35.3	31
1518	35.3	31
1519	35.3	31
1520	35.3	31
1521	35.3	31
1522	35.3	31
1523	35.3	31
1524	35.3	31
1525	35.3	31
1526	35.3	31
1527	35.3	31
1528	35.3	31
1529	35.3	31
1530	35.3	31
1531	35.3	31
1532	35.3	31
1533	35.3	31
1534	35.3	31
1535	35.3	31
1536	35.3	31
1537	35.3	31
1538	35.3	31
1539	35.3	31
1540	35.3	31
1541	35.3	31
1542	35.3	31
1543	35.3	31
1544	35.3	31
1545	35.3	31.0625
1546	35.3	31
1547	35.3	31
1548	35.3	31
1549	35.3	31
1550	35.3	31.0625
1551	35.3	31
1552	35.3	31.0625
1553	35.3	31
1554	35.3	31.0625
1555	35.3	31.0625
1556	35.3	31
1557	35.3	31.0625
1558	35.3	31.0625
1559	35.3	31
1560	35.3	31
1561	35.3	31.0625
1562	35.3	31.0625
1563	35.3	31.0625
1564	35.3	31.0625
1565	35.3	31
1566	35.3	31.0625
1567	35.3	31.0625
1568	35.3	31.0625
1569	35.3	31.0625
1570	35.3	31.0625
1571	35.3	31
1572	35.3	31.0625
1573	35.3	31.0625
1574	35.3	31.0625
1575	35.3	31.0625
1576	35.3	31
1577	35.3	31.0625
1578	35.3	31
1579	35.3	31.0625
1580	35.3	31.0625
1581	35.3	31.0625
1582	35.3	31.0625
1583	35.3	31.0625
1584	35.3	31.0625
1585	35.3	31.0625
1586	35.3	31.0625
1587	35.3	31.0625
1588	35.3	31.0625
1589	35.3	31.0625
1590	35.3	31.0625
1591	35.3	31.0625
1592	35.3	31.0625
1593	35.3	31.0625
1594	35.3	31.0625
1595	35.3	31.0625
1596	35.3	31.0625
1597	35.3	31.0625
1598	35.3	31.0625
1599	35.3	31.0625
1600	35.3	31.0625
1601	35.3	31.0625
1602	35.3	31.0625
1603	35.3	31.0625
1604	35.3	31.0625
1605	35.3	31.0625
1606	35.3	31.0625
1607	35.3	31.0625
1608	35.3	31.0625
1609	35.3	31.0625
1610	35.3	31.0625
1611	35.3	31.0625
1612	35.3	31.0625
1613	35.3	31.0625
1614	35.3	31.0625
1615	35.3	31.0625
1616	35.3	31.0625
1617	35.3	31.0625
1618	35.3	31.0625
1619	35.3	31.0625
1620	35.3	31.0625
1621	35.4	31.0625
1622	35.4	31.0625
1623	35.4	31.0625
1624	35.4	31.0625
1625	35.4	31.0625
1626	35.4	31.0625
1627	35.4	31.0625
1628	35.4	31.0625
1629	35.3	31.0625
1630	35.3	31.0625
1631	35.4	31.0625
1632	35.4	31.0625
1633	35.4	31.0625
1634	35.4	31.0625
1635	35.4	31.0625
1636	35.4	31.0625
1637	35.4	31.0625
1638	35.4	31.0625
1639	35.4	31.0625
1640	35.4	31.0625
1641	35.4	31.0625
1642	35.4	31.0625
1643	35.4	31.0625
1644	35.4	31.0625
1645	35.3	31.125
1646	35.3	31.0625
1647	35.4	31.0625
1648	35.4	31.0625
1649	35.4	31.0625
1650	35.4	31.0625
1651	35.4	31.0625
1652	35.4	31.0625
1653	35.4	31.0625
1654	35.4	31.0625
1655	35.4	31.0625
1656	35.4	31.0625
1657	35.4	31.0625
1658	35.4	31.0625
1659	35.4	31.0625
1660	35.4	31.0625
1661	35.4	31.0625
1662	35.4	31.0625
1663	35.4	31.0625
1664	35.4	31.0625
1665	35.4	31.0625
1666	35.4	31.125
1667	35.4	31.0625
1668	35.4	31.0625
1669	35.4	31.0625
1670	35.4	31.125
1671	35.4	31.0625
1672	35.4	31.0625
1673	35.4	31.125
1674	35.4	31.125
1675	35.4	31.125
1676	35.4	31.125
1677	35.4	31.125
1678	35.4	31.125
1679	35.4	31.125
1680	35.4	31.125
1681	35.4	31.125
1682	35.4	31.0625
1683	35.3	31.125
1684	35.3	31.125
1685	35.4	31.125
1686	35.4	31.125
1687	35.4	31.125
1688	35.4	31.125
1689	35.4	31.125
1690	35.4	31.125
1691	35.4	31.0625
1692	35.4	31.125
1693	35.4	31.125
1694	35.4	31.125
1695	35.4	31.125
1696	35.4	31.125
1697	35.4	31.125
1698	35.4	31.125
1699	35.4	31.125
1700	35.4	31.125
1701	35.4	31.125
1702	35.4	31.125
1703	35.4	31.125
1704	35.4	31.125
1705	35.4	31.125
1706	35.4	31.125
1707	35.3	31.125
1708	35.3	31.125
1709	35.4	31.125
1710	35.4	31.125
1711	35.4	31.125
1712	35.4	31.125
1713	35.4	31.125
1714	35.4	31.125
1715	35.4	31.125
1716	35.4	31.125
1717	35.4	31.125
1718	35.4	31.125
1719	35.4	31.125
1720	35.4	31.125
1721	35.4	31.125
1722	35.4	31.125
1723	35.4	31.125
1724	35.4	31.125
1725	35.4	31.125
1726	35.4	31.125
1727	35.4	31.125
1728	35.4	31.125
1729	35.4	31.125
1730	35.4	31.125
1731	35.4	31.125
1732	35.4	31.125
1733	35.4	31.125
1734	35.4	31.125
1735	35.4	31.125
1736	35.4	31.1875
1737	35.4	31.125
1738	35.4	31.125
1739	35.4	31.125
1740	35.4	31.125
1741	35.4	31.125
1742	35.4	31.125
1743	35.4	31.125
1744	35.4	31.125
1745	35.4	31.125
1746	35.4	31.125
1747	35.4	31.125
1748	35.4	31.125
1749	35.4	31.125
1750	35.4	31.1875
1751	35.4	31.125
1752	35.4	31.1875
1753	35.4	31.125
1754	35.4	31.125
1755	35.4	31.125
1756	35.4	31.125
1757	35.4	31.1875
1758	35.4	31.125
1759	35.4	31.1875
1760	35.4	31.125
1761	35.4	31.125
1762	35.4	31.125
1763	35.4	31.1875
1764	35.4	31.125
1765	35.4	31.125
1766	35.4	31.125
1767	35.4	31.1875
1768	35.4	31.125
1769	35.4	31.125
1770	35.4	31.125
1771	35.4	31.125
1772	35.4	31.1875
1773	35.4	31.1875
1774	35.4	31.1875
1775	35.4	31.125
1776	35.4	31.125
1777	35.4	31.125
1778	35.4	31.125
1779	35.4	31.125
1780	35.4	31.125
1781	35.4	31.1875
1782	35.4	31.1875
1783	35.4	31.1875
1784	35.4	31.1875
1785	35.4	31.125
1786	35.4	31.1875
1787	35.4	31.1875
1788	35.4	31.1875
1789	35.4	31.1875
1790	35.4	31.1875
1791	35.4	31.1875
1792	35.4	31.1875
1793	35.4	31.1875
1794	35.4	31.1875
1795	35.4	31.1875
1796	35.4	31.1875
1797	35.4	31.1875
1798	35.4	31.1875
1799	35.4	31.1875
1800	35.4	31.1875
1801	35.4	31.1875
1802	35.4	31.1875
1803	35.4	31.1875
1804	35.5	31.1875
1805	35.5	31.125
1806	35.5	31.1875
1807	35.5	31.1875
1808	35.5	31.1875
1809	35.5	31.1875
1810	35.5	31.1875
1811	35.5	31.1875
1812	35.5	31.1875
1813	35.5	31.1875
1814	35.5	31.1875
1815	35.5	31.1875
1816	35.5	31.1875
1817	35.5	31.1875
1818	35.5	31.1875
1819	35.5	31.1875
1820	35.5	31.1875
1821	35.5	31.1875
1822	35.5	31.1875
1823	35.5	31.1875
1824	35.5	31.1875
1825	35.5	31.1875
1826	35.5	31.1875
1827	35.5	31.1875
1828	35.5	31.1875
1829	35.5	31.1875
1830	35.5	31.1875
1831	35.5	31.1875
1832	35.5	31.1875
1833	35.5	31.1875
1834	35.5	31.1875
1835	35.5	31.1875
1836	35.5	31.1875
1837	35.5	31.1875
1838	35.5	31.1875
1839	35.5	31.1875
1840	35.5	31.1875
1841	35.5	31.1875
1842	35.5	31.25
1843	35.5	31.1875
1844	35.5	31.1875
1845	35.5	31.1875
1846	35.5	31.1875
1847	35.5	31.1875
1848	35.5	31.1875
1849	35.5	31.1875
1850	35.5	31.25
1851	35.5	31.1875
1852	35.5	31.1875
1853	35.5	31.1875
1854	35.5	31.1875
1855	35.5	31.1875
1856	35.5	31.1875
1857	35.5	31.1875
1858	35.5	31.1875
1859	35.5	31.1875
1860	35.5	31.25
1861	35.5	31.25
1862	35.5	31.1875
1863	35.5	31.25
1864	35.5	31.1875
1865	35.5	31.1875
1866	35.5	31.1875
1867	35.5	31.1875
1868	35.5	31.1875
1869	35.5	31.1875
1870	35.5	31.25
1871	35.5	31.1875
1872	35.5	31.1875
1873	35.5	31.25
1874	35.5	31.25
1875	35.5	31.1875
1876	35.5	31.25
1877	35.5	31.1875
1878	35.5	31.25
1879	35.5	31.1875
1880	35.5	31.25
1881	35.5	31.25
1882	35.5	31.1875
1883	35.5	31.1875
1884	35.5	31.1875
1885	35.5	31.1875
1886	35.5	31.1875
1887	35.5	31.25
1888	35.5	31.25
1889	35.5	31.25
1890	35.5	31.25
1891	35.5	31.25
1892	35.5	31.1875
1893	35.5	31.25
1894	35.5	31.25
1895	35.5	31.25
1896	35.5	31.25
1897	35.5	31.1875
1898	35.5	31.25
1899	35.5	31.1875
1900	35.5	31.25
1901	35.5	31.25
1902	35.5	31.1875
1903	35.5	31.25
1904	35.5	31.25
1905	35.5	31.25
1906	35.5	31.25
1907	35.5	31.25
1908	35.5	31.25
1909	35.5	31.1875
1910	35.5	31.25
1911	35.5	31.25
1912	35.5	31.25
1913	35.5	31.25
1914	35.5	31.25
1915	35.5	31.25
1916	35.5	31.1875
1917	35.5	31.25
1918	35.5	31.25
1919	35.5	31.25
1920	35.5	31.1875
1921	35.5	31.25
1922	35.5	31.25
1923	35.5	31.25
1924	35.5	31.25
1925	35.5	31.25
1926	35.5	31.25
1927	35.5	31.25
1928	35.5	31.25
1929	35.5	31.25
1930	35.5	31.25
1931	35.5	31.25
1932	35.5	31.25
1933	35.5	31.25
1934	35.5	31.25
1935	35.5	31.25
1936	35.5	31.25
1937	35.5	31.25
1938	35.5	31.25
1939	35.5	31.25
1940	35.5	31.25
1941	35.5	31.25
1942	35.5	31.25
1943	35.5	31.25
1944	35.5	31.25
1945	35.5	31.25
1946	35.5	31.25
1947	35.5	31.25
1948	35.5	31.25
1949	35.5	31.25
1950	35.5	31.25
1951	35.5	31.25
1952	35.6	31.25
1953	35.6	31.25
1954	35.5	31.25
1955	35.5	31.25
1956	35.5	31.25
1957	35.5	31.25
1958	35.5	31.25
1959	35.5	31.25
1960	35.6	31.25
1961	35.6	31.25
1962	35.5	31.25
1963	35.5	31.25
1964	35.6	31.25
1965	35.6	31.25
1966	35.6	31.25
1967	35.6	31.25
1968	35.5	31.25
1969	35.5	31.25
1970	35.5	31.25
1971	35.5	31.25
1972	35.5	31.25
1973	35.5	31.25
1974	35.5	31.25
1975	35.6	31.25
1976	35.6	31.25
1977	35.6	31.25
1978	35.6	31.25
1979	35.5	31.25
1980	35.5	31.25
1981	35.6	31.25
1982	35.6	31.25
1983	35.5	31.3125
1984	35.5	31.25
1985	35.6	31.25
1986	35.6	31.25
1987	35.6	31.25
1988	35.6	31.3125
1989	35.6	31.25
1990	35.6	31.25
1991	35.6	31.25
1992	35.6	31.3125
1993	35.6	31.25
1994	35.6	31.25
1995	35.6	31.25
1996	35.6	31.25
1997	35.6	31.3125
1998	35.6	31.3125
1999	35.6	31.25
2000	35.6	31.25
2001	35.6	31.3125
2002	35.6	31.3125
2003	35.6	31.3125
2004	35.6	31.25
2005	35.6	31.3125
2006	35.6	31.25
2007	35.6	31.3125
2008	35.6	31.3125
2009	35.6	31.3125
2010	35.6	31.25
2011	35.6	31.3125
2012	35.6	31.3125
2013	35.6	31.3125
2014	35.6	31.25
2015	35.6	31.3125
2016	35.6	31.3125
2017	35.6	31.3125
2018	35.6	31.3125
2019	35.6	31.3125
2020	35.6	31.3125
2021	35.6	31.3125
2022	35.6	31.25
2023	35.6	31.25
2024	35.6	31.3125
2025	35.6	31.3125
2026	35.6	31.3125
2027	35.6	31.3125
2028	35.6	31.3125
2029	35.6	31.3125
2030	35.6	31.3125
2031	35.6	31.3125
2032	35.6	31.3125
2033	35.6	31.3125
2034	35.6	31.25
2035	35.6	31.3125
2036	35.6	31.3125
2037	35.6	31.3125
2038	35.6	31.3125
2039	35.6	31.3125
2040	35.6	31.3125
2041	35.6	31.3125
2042	35.6	31.3125
2043	35.6	31.3125
2044	35.6	31.3125
2045	35.6	31.3125
2046	35.6	31.3125
2047	35.6	31.3125
2048	35.6	31.3125
2049	35.6	31.3125
2050	35.6	31.3125
2051	35.6	31.3125
2052	35.6	31.3125
2053	35.6	31.3125
2054	35.6	31.3125
2055	35.6	31.3125
2056	35.6	31.3125
2057	35.6	31.3125
2058	35.6	31.3125
2059	35.6	31.3125
2060	35.6	31.3125
2061	35.6	31.3125
2062	35.6	31.3125
2063	35.6	31.375
2064	35.6	31.3125
2065	35.6	31.3125
2066	35.6	31.3125
2067	35.6	31.3125
2068	35.6	31.3125
2069	35.6	31.3125
2070	35.6	31.3125
2071	35.6	31.3125
2072	35.6	31.3125
2073	35.6	31.3125
2074	35.6	31.3125
2075	35.6	31.3125
2076	35.6	31.3125
2077	35.6	31.3125
2078	35.6	31.3125
2079	35.6	31.375
2080	35.6	31.3125
2081	35.6	31.3125
2082	35.6	31.3125
2083	35.6	31.3125
2084	35.6	31.3125
2085	35.6	31.3125
2086	35.6	31.375
2087	35.6	31.3125
2088	35.6	31.3125
2089	35.6	31.3125
2090	35.6	31.375
2091	35.6	31.375
2092	35.6	31.3125
2093	35.6	31.3125
2094	35.6	31.3125
2095	35.6	31.3125
2096	35.6	31.3125
2097	35.6	31.3125
2098	35.6	31.3125
2099	35.6	31.3125
2100	35.6	31.3125
2101	35.6	31.3125
2102	35.6	31.3125
2103	35.6	31.3125
2104	35.6	31.3125
2105	35.6	31.375
2106	35.6	31.3125
2107	35.6	31.375
2108	35.6	31.375
2109	35.6	31.375
2110	35.6	31.375
2111	35.6	31.3125
2112	35.6	31.375
2113	35.6	31.3125
2114	35.6	31.375
2115	35.6	31.3125
2116	35.6	31.3125
2117	35.6	31.3125
2118	35.6	31.375
2119	35.6	31.3125
2120	35.6	31.375
2121	35.6	31.375
2122	35.6	31.3125
2123	35.6	31.375
2124	35.6	31.375
2125	35.6	31.375
2126	35.6	31.375
2127	35.6	31.375
2128	35.6	31.375
2129	35.6	31.375
2130	35.6	31.375
2131	35.6	31.375
2132	35.6	31.3125
2133	35.6	31.375
2134	35.6	31.375
2135	35.6	31.375
2136	35.6	31.375
2137	35.6	31.3125
2138	35.6	31.375
2139	35.6	31.375
2140	35.6	31.3125
2141	35.6	31.375
2142	35.6	31.375
2143	35.6	31.3125
2144	35.6	31.375
2145	35.6	31.3125
2146	35.6	31.375
2147	35.6	31.375
2148	35.6	31.375
2149	35.6	31.375
2150	35.6	31.375
2151	35.6	31.375
2152	35.6	31.375
2153	35.6	31.375
2154	35.6	31.375
2155	35.6	31.375
2156	35.6	31.375
2157	35.6	31.375
2158	35.6	31.375
2159	35.6	31.375
2160	35.6	31.375
2161	35.6	31.375
2162	35.6	31.375
2163	35.6	31.375
2164	35.6	31.375
2165	35.6	31.375
2166	35.6	31.375
2167	35.6	31.375
2168	35.6	31.375
2169	35.6	31.375
2170	35.6	31.375
2171	35.6	31.375
2172	35.6	31.375
2173	35.6	31.375
2174	35.6	31.375
2175	35.6	31.375
2176	35.6	31.375
2177	35.6	31.375
2178	35.6	31.375
2179	35.6	31.4375
2180	35.6	31.375
2181	35.7	31.375
2182	35.7	31.375
2183	35.7	31.375
2184	35.7	31.375
2185	35.7	31.375
2186	35.7	31.375
2187	35.7	31.375
2188	35.7	31.375
2189	35.7	31.375
2190	35.7	31.375
2191	35.7	31.375
2192	35.7	31.375
2193	35.7	31.375
2194	35.7	31.375
2195	35.7	31.4375
2196	35.7	31.375
2197	35.7	31.375
2198	35.7	31.375
2199	35.7	31.375
2200	35.7	31.375
2201	35.7	31.4375
2202	35.7	31.375
2203	35.7	31.4375
2204	35.7	31.375
2205	35.7	31.4375
2206	35.7	31.375
2207	35.7	31.375
2208	35.7	31.4375
2209	35.7	31.375
2210	35.7	31.4375
2211	35.7	31.4375
2212	35.7	31.375
2213	35.7	31.4375
2214	35.7	31.4375
2215	35.7	31.375
2216	35.7	31.4375
2217	35.7	31.375
2218	35.7	31.375
2219	35.7	31.375
2220	35.7	31.4375
2221	35.7	31.4375
2222	35.7	31.4375
2223	35.7	31.375
2224	35.7	31.4375
2225	35.7	31.4375
2226	35.7	31.375
2227	35.7	31.4375
2228	35.7	31.4375
2229	35.7	31.4375
2230	35.7	31.375
2231	35.7	31.4375
2232	35.7	31.375
2233	35.7	31.4375
2234	35.7	31.4375
2235	35.7	31.4375
2236	35.7	31.4375
2237	35.7	31.4375
2238	35.7	31.375
2239	35.7	31.4375
2240	35.7	31.4375
2241	35.7	31.4375
2242	35.7	31.4375
2243	35.7	31.4375
2244	35.7	31.4375
2245	35.7	31.4375
2246	35.7	31.4375
2247	35.7	31.4375
2248	35.7	31.4375
2249	35.7	31.4375
2250	35.7	31.4375
2251	35.7	31.4375
2252	35.7	31.4375
2253	35.7	31.4375
2254	35.7	31.4375
2255	35.7	31.4375
2256	35.7	31.4375
2257	35.7	31.4375
2258	35.7	31.4375
2259	35.7	31.4375
2260	35.7	31.4375
2261	35.7	31.4375
2262	35.7	31.4375
2263	35.7	31.4375
2264	35.7	31.4375
2265	35.7	31.4375
2266	35.7	31.4375
2267	35.7	31.4375
2268	35.7	31.4375
2269	35.7	31.4375
2270	35.7	31.4375
2271	35.7	31.4375
2272	35.7	31.4375
2273	35.7	31.4375
2274	35.7	31.4375
2275	35.7	31.4375
2276	35.7	31.4375
2277	35.7	31.4375
2278	35.7	31.4375
2279	35.7	31.4375
2280	35.7	31.4375
2281	35.7	31.4375
2282	35.7	31.4375
2283	35.7	31.4375
2284	35.7	31.4375
2285	35.7	31.4375
2286	35.7	31.4375
2287	35.7	31.4375
2288	35.7	31.4375
2289	35.7	31.4375
2290	35.7	31.4375
2291	35.7	31.4375
2292	35.7	31.4375
2293	35.7	31.4375
2294	35.7	31.4375
2295	35.7	31.4375
2296	35.7	31.4375
2297	35.7	31.4375
2298	35.7	31.4375
2299	35.7	31.4375
2300	35.7	31.4375
2301	35.7	31.4375
2302	35.7	31.4375
2303	35.7	31.4375
2304	35.7	31.4375
2305	35.7	31.5
2306	35.7	31.4375
2307	35.7	31.4375
2308	35.7	31.5
2309	35.8	31.5
2310	35.8	31.4375
2311	35.8	31.5
2312	35.8	31.4375
2313	35.8	31.5
2314	35.8	31.5
2315	35.8	31.4375
2316	35.8	31.5
2317	35.8	31.4375
2318	35.8	31.4375
2319	35.8	31.5
2320	35.8	31.5
2321	35.8	31.5
2322	35.8	31.5
2323	35.8	31.5
2324	35.8	31.5
2325	35.8	31.4375
2326	35.8	31.5
2327	35.8	31.4375
2328	35.8	31.5
2329	35.8	31.5
2330	35.8	31.5
2331	35.8	31.5
2332	35.8	31.5
2333	35.8	31.5
2334	35.8	31.5
2335	35.8	31.5
2336	35.8	31.5
2337	35.8	31.4375
2338	35.8	31.5
2339	35.8	31.4375
2340	35.8	31.5
2341	35.8	31.5
2342	35.8	31.5
2343	35.8	31.5
2344	35.8	31.5
2345	35.8	31.5
2346	35.8	31.5
2347	35.8	31.5
2348	35.8	31.5
2349	35.8	31.4375
2350	35.8	31.5
2351	35.8	31.5
2352	35.8	31.5
2353	35.8	31.5
2354	35.8	31.5
2355	35.8	31.5
2356	35.8	31.5
2357	35.8	31.5
2358	35.8	31.4375
2359	35.8	31.5
2360	35.8	31.5
2361	35.8	31.5
2362	35.8	31.5
2363	35.8	31.5
2364	35.8	31.5
2365	35.8	31.5
2366	35.8	31.5
2367	35.8	31.5
2368	35.8	31.5
2369	35.8	31.5
2370	35.8	31.5
2371	35.8	31.5
2372	35.8	31.5
2373	35.8	31.5
2374	35.8	31.5
2375	35.8	31.5
2376	35.8	31.5
2377	35.8	31.5
2378	35.8	31.5
2379	35.8	31.5
2380	35.8	31.5
2381	35.8	31.5
2382	35.8	31.5
2383	35.8	31.5
2384	35.8	31.5
2385	35.8	31.5
2386	35.8	31.5
2387	35.8	31.5
2388	35.8	31.5
2389	35.8	31.5
2390	35.8	31.5
2391	35.8	31.5
2392	35.8	31.5625
2393	35.8	31.5
2394	35.8	31.5
2395	35.8	31.5
2396	35.8	31.5
2397	35.8	31.5
2398	35.8	31.5
2399	35.8	31.5
2400	35.8	31.5
2401	35.8	31.5
2402	35.8	31.5
2403	35.8	31.5
2404	35.8	31.5
2405	35.8	31.5
2406	35.8	31.5
2407	35.8	31.5
2408	35.8	31.5625
2409	35.8	31.5
2410	35.8	31.5625
2411	35.8	31.5
2412	35.8	31.5
2413	35.8	31.5
2414	35.8	31.5625
2415	35.8	31.5
2416	35.8	31.5625
2417	35.8	31.5
2418	35.8	31.5
2419	35.8	31.5
2420	35.8	31.5
2421	35.8	31.5
2422	35.8	31.5
2423	35.8	31.5
2424	35.8	31.5625
2425	35.9	31.5
2426	35.9	31.5625
2427	35.9	31.5625
2428	35.9	31.5
2429	35.9	31.5625
2430	35.9	31.5
2431	35.8	31.5
2432	35.8	31.5
2433	35.9	31.5625
2434	35.9	31.5625
2435	35.9	31.5625
2436	35.9	31.5625
2437	35.9	31.5
2438	35.9	31.5625
2439	35.9	31.5
2440	35.9	31.5625
2441	35.9	31.5
2442	35.9	31.5625
2443	35.9	31.5625
2444	35.9	31.5
2445	35.9	31.5
2446	35.9	31.5625
2447	35.9	31.5625
2448	35.9	31.5625
2449	35.9	31.5625
2450	35.9	31.5625
2451	35.9	31.5625
2452	35.9	31.5625
2453	35.9	31.5
2454	35.9	31.5
2455	35.9	31.5625
2456	35.9	31.5625
2457	35.9	31.5625
2458	35.9	31.5625
2459	35.9	31.5625
2460	35.9	31.5
2461	35.9	31.5625
2462	35.9	31.5
2463	35.9	31.5625
2464	35.8	31.5625
2465	35.8	31.5625
2466	35.9	31.5625
2467	35.9	31.5625
2468	35.9	31.5625
2469	35.9	31.5625
2470	35.9	31.5625
2471	35.9	31.5625
2472	35.9	31.5625
2473	35.9	31.5625
2474	35.9	31.5625
2475	35.9	31.5625
2476	35.9	31.5625
2477	35.9	31.5625
2478	35.9	31.5625
2479	35.9	31.5625
2480	35.9	31.5625
2481	35.9	31.5625
2482	35.9	31.5625
2483	35.9	31.5625
2484	35.9	31.5625
2485	35.9	31.5625
2486	35.9	31.5625
2487	35.9	31.5625
2488	35.9	31.5625
2489	35.9	31.5625
2490	35.9	31.5625
2491	35.9	31.5625
2492	35.9	31.5625
2493	35.9	31.5625
2494	35.9	31.5625
2495	35.9	31.5625
2496	35.9	31.5625
2497	35.9	31.5625
2498	35.9	31.5625
2499	35.9	31.5625
2500	35.9	31.5625
2501	35.9	31.5625
2502	35.9	31.5625
2503	35.9	31.5625
2504	35.9	31.5625
2505	35.9	31.5625
2506	35.9	31.5625
2507	35.9	31.5625
2508	35.9	31.5625
2509	35.9	31.5625
2510	35.9	31.5625
2511	35.9	31.5625
2512	35.9	31.5625
2513	35.9	31.5625
2514	35.9	31.5625
2515	35.9	31.5625
2516	35.9	31.5625
2517	35.9	31.5625
2518	35.9	31.5625
2519	35.9	31.5625
2520	35.9	31.5625
2521	35.9	31.5625
2522	35.9	31.5625
2523	35.9	31.5625
2524	35.9	31.5625
2525	35.9	31.5625
2526	35.9	31.5625
2527	35.9	31.5625
2528	35.9	31.5625
2529	35.9	31.5625
2530	35.9	31.5625
2531	35.9	31.5625
2532	35.9	31.5625
2533	35.9	31.5625
2534	35.9	31.5625
2535	35.9	31.5625
2536	35.9	31.5625
2537	35.9	31.5625
2538	35.9	31.5625
2539	35.9	31.5625
2540	35.9	31.5625
2541	35.9	31.5625
2542	35.9	31.5625
2543	35.9	31.5625
2544	35.9	31.5625
2545	35.9	31.5625
2546	35.9	31.5625
2547	35.9	31.5625
2548	35.9	31.5625
2549	35.9	31.5625
2550	35.9	31.5625
2551	35.9	31.5625
2552	35.9	31.5625
2553	35.9	31.625
2554	35.9	31.5625
2555	35.9	31.5625
2556	35.9	31.5625
2557	35.9	31.625
2558	35.9	31.5625
2559	35.9	31.625
2560	35.9	31.5625
2561	35.9	31.5625
2562	35.9	31.625
2563	35.9	31.625
2564	35.9	31.5625
2565	35.9	31.5625
2566	35.9	31.625
2567	35.9	31.625
2568	35.9	31.5625
2569	35.9	31.625
2570	35.9	31.625
2571	35.9	31.5625
2572	35.9	31.625
2573	35.9	31.625
2574	35.9	31.625
2575	35.9	31.5625
2576	35.9	31.625
2577	35.9	31.625
2578	35.9	31.5625
2579	35.9	31.5625
2580	35.9	31.625
2581	35.9	31.5625
2582	35.9	31.625
2583	35.9	31.625
2584	35.9	31.625
2585	35.9	31.625
2586	35.9	31.625
2587	35.9	31.625
2588	35.9	31.625
2589	35.9	31.625
2590	35.9	31.625
2591	35.9	31.625
2592	35.9	31.625
2593	35.9	31.625
2594	35.9	31.625
2595	35.9	31.625
2596	35.9	31.625
2597	35.9	31.625
2598	35.9	31.625
2599	35.9	31.625
2600	35.9	31.625
2601	35.9	31.625
2602	35.9	31.625
2603	35.9	31.625
2604	35.9	31.625
2605	35.9	31.625
2606	35.9	31.625
2607	35.9	31.625
2608	35.9	31.625
2609	35.9	31.625
2610	35.9	31.625
2611	35.9	31.625
2612	35.9	31.625
2613	35.9	31.625
2614	35.9	31.625
2615	35.9	31.625
2616	35.9	31.625
2617	35.9	31.625
2618	35.9	31.625
2619	35.9	31.625
2620	35.9	31.625
2621	35.9	31.625
2622	35.9	31.625
2623	35.9	31.625
2624	35.9	31.625
2625	35.9	31.625
2626	35.9	31.625
2627	35.9	31.625
2628	35.9	31.6875
2629	35.9	31.625
2630	35.9	31.625
2631	35.9	31.625
2632	35.9	31.625
2633	35.9	31.625
2634	35.9	31.625
2635	35.9	31.625
2636	35.9	31.625
2637	35.9	31.625
2638	35.9	31.625
2639	35.9	31.6875
2640	35.9	31.625
2641	35.9	31.625
2642	36	31.625
2643	36	31.625
2644	35.9	31.625
2645	35.9	31.625
2646	36	31.625
2647	36	31.625
2648	35.9	31.625
2649	35.9	31.625
2650	36	31.625
2651	36	31.625
2652	35.9	31.625
2653	35.9	31.625
2654	35.9	31.625
2655	35.9	31.625
2656	36	31.625
2657	36	31.625
2658	36	31.625
2659	36	31.625
2660	36	31.625
2661	36	31.625
2662	35.9	31.625
2663	35.9	31.6875
2664	35.9	31.625
2665	35.9	31.625
2666	36	31.625
2667	36	31.625
2668	36	31.625
2669	36	31.625
2670	36	31.625
2671	36	31.6875
2672	35.9	31.625
2673	35.9	31.6875
2674	36	31.625
2675	36	31.625
2676	36	31.625
2677	36	31.6875
2678	35.9	31.625
2679	35.9	31.6875
2680	36	31.625
2681	36	31.6875
2682	36	31.625
2683	36	31.625
2684	36	31.625
2685	36	31.625
2686	36	31.625
2687	36	31.6875
2688	36	31.625
2689	36	31.6875
2690	35.9	31.6875
2691	35.9	31.6875
2692	36	31.6875
2693	36	31.625
2694	35.9	31.6875
2695	35.9	31.625
2696	36	31.625
2697	36	31.6875
2698	36	31.6875
2699	36	31.6875
2700	36	31.625
2701	36	31.625
2702	35.9	31.6875
2703	35.9	31.6875
2704	36	31.6875
2705	36	31.6875
2706	36	31.6875
2707	36	31.6875
2708	36	31.625
2709	36	31.6875
2710	36	31.625
2711	36	31.6875
2712	36	31.6875
2713	36	31.6875
2714	36	31.6875
2715	35.9	31.6875
2716	35.9	31.6875
2717	36	31.6875
2718	36	31.6875
2719	36	31.625
2720	36	31.625
2721	36	31.6875
2722	36	31.6875
2723	36	31.6875
2724	36	31.6875
2725	36	31.6875
2726	36	31.6875
2727	36	31.6875
2728	36	31.625
2729	36	31.6875
2730	36	31.6875
2731	36	31.6875
2732	36	31.6875
2733	36	31.6875
2734	36	31.6875
2735	36	31.6875
2736	36	31.6875
2737	36	31.6875
2738	36	31.6875
2739	36	31.6875
2740	36	31.6875
2741	36	31.6875
2742	36	31.6875
2743	36	31.6875
2744	36	31.6875
2745	36	31.6875
2746	36	31.6875
2747	36	31.6875
2748	36	31.6875
2749	36	31.6875
2750	36	31.6875
2751	36	31.6875
2752	36	31.6875
2753	36	31.6875
2754	36	31.6875
2755	36	31.6875
2756	36	31.6875
2757	36	31.6875
2758	36	31.6875
2759	36	31.6875
2760	36	31.6875
2761	36	31.6875
2762	36	31.6875
2763	36	31.6875
2764	36	31.6875
2765	36	31.6875
2766	36	31.6875
2767	36	31.6875
2768	36	31.6875
2769	36	31.6875
2770	36	31.6875
2771	36	31.6875
2772	36	31.6875
2773	36	31.6875
2774	36	31.6875
2775	36	31.6875
2776	36	31.6875
2777	36	31.6875
2778	36	31.6875
2779	36	31.6875
2780	36	31.6875
2781	36	31.6875
2782	36	31.6875
2783	36	31.75
2784	36	31.6875
2785	36	31.6875
2786	36	31.6875
2787	36	31.6875
2788	36	31.6875
2789	36	31.6875
2790	36	31.6875
2791	36	31.6875
2792	36	31.6875
2793	36	31.6875
2794	36	31.6875
2795	36	31.6875
2796	36	31.6875
2797	36	31.6875
2798	36	31.6875
2799	36	31.6875
2800	36	31.6875
2801	36	31.6875
2802	36	31.75
2803	36	31.6875
2804	36	31.75
2805	36	31.6875
2806	36	31.6875
2807	36	31.6875
2808	36	31.6875
2809	36	31.75
2810	36	31.75
2811	36	31.75
2812	36	31.6875
2813	36	31.75
2814	36	31.75
2815	36	31.6875
2816	36	31.75
2817	36	31.6875
2818	36	31.6875
2819	36	31.6875
2820	36	31.6875
2821	36	31.75
2822	36	31.6875
2823	36	31.6875
2824	36	31.75
2825	36	31.6875
2826	36	31.6875
2827	36	31.6875
2828	36	31.6875
2829	36	31.6875
2830	36	31.6875
2831	36	31.75
2832	36	31.6875
2833	36	31.6875
2834	36	31.6875
2835	36	31.6875
2836	36	31.6875
2837	36	31.75
2838	36	31.6875
2839	36	31.6875
2840	36	31.75
2841	36	31.75
2842	36	31.75
2843	36	31.6875
2844	36	31.75
2845	36	31.75
2846	36	31.6875
2847	36	31.75
2848	36	31.75
2849	36	31.75
2850	36	31.75
2851	36	31.6875
2852	36	31.6875
2853	36	31.75
2854	36	31.75
2855	36	31.75
2856	36	31.6875
2857	36	31.75
2858	36	31.6875
2859	36	31.75
2860	36	31.75
2861	36	31.6875
2862	36	31.75
2863	36	31.75
2864	36	31.75
2865	36	31.75
2866	36	31.75
2867	36	31.6875
2868	36	31.75
2869	36	31.75
2870	36	31.75
2871	36	31.75
2872	36	31.75
2873	36	31.6875
2874	36	31.75
2875	36	31.6875
2876	36	31.75
2877	36	31.75
2878	36	31.75
2879	36	31.75
2880	36	31.75
2881	36	31.75
2882	36	31.6875
2883	36	31.75
2884	36	31.75
2885	36.1	31.6875
2886	36.1	31.75
2887	36.1	31.75
2888	36.1	31.6875
2889	36.1	31.75
2890	36.1	31.75
2891	36.1	31.75
2892	36.1	31.75
2893	36.1	31.75
2894	36.1	31.75
2895	36.1	31.75
2896	36.1	31.75
2897	36.1	31.75
2898	36.1	31.75
2899	36.1	31.75
2900	36.1	31.6875
2901	36.1	31.75
2902	36.1	31.75
2903	36.1	31.75
2904	36.1	31.75
2905	36.1	31.75
2906	36.1	31.75
2907	36.1	31.75
2908	36.1	31.75
2909	36.1	31.75
2910	36.1	31.75
2911	36.1	31.75
2912	36.1	31.75
2913	36.1	31.75
2914	36.1	31.75
2915	36.1	31.75
2916	36.1	31.75
2917	36.1	31.75
2918	36.1	31.75
2919	36.1	31.75
2920	36.1	31.75
2921	36.1	31.75
2922	36.1	31.75
2923	36.1	31.75
2924	36.1	31.75
2925	36.1	31.75
2926	36.1	31.75
2927	36.1	31.8125
2928	36.1	31.75
2929	36.1	31.75
2930	36.1	31.75
2931	36.1	31.75
2932	36.1	31.75
2933	36.1	31.75
2934	36.1	31.75
2935	36.1	31.75
2936	36.1	31.75
2937	36.1	31.75
2938	36.1	31.75
2939	36.1	31.75
2940	36.1	31.75
2941	36.1	31.75
2942	36.1	31.75
2943	36.1	31.75
2944	36.1	31.75
2945	36.1	31.75
2946	36.1	31.75
2947	36.1	31.75
2948	36.1	31.8125
2949	36.1	31.75
2950	36.1	31.8125
2951	36.1	31.75
2952	36.1	31.75
2953	36.1	31.75
2954	36.1	31.75
2955	36.1	31.75
2956	36.1	31.75
2957	36.1	31.75
2958	36.1	31.75
2959	36.1	31.8125
2960	36.1	31.75
2961	36.1	31.8125
2962	36.1	31.75
2963	36.1	31.75
2964	36.1	31.75
2965	36.1	31.8125
2966	36.1	31.8125
2967	36.1	31.75
2968	36.1	31.75
2969	36.1	31.8125
2970	36.1	31.8125
2971	36.1	31.8125
2972	36.1	31.75
2973	36.1	31.75
2974	36.1	31.75
2975	36.1	31.8125
2976	36.1	31.8125
2977	36.1	31.75
2978	36.1	31.8125
2979	36.1	31.8125
2980	36.1	31.75
2981	36.1	31.75
2982	36.1	31.75
2983	36.1	31.75
2984	36.1	31.75
2985	36.1	31.8125
2986	36.1	31.8125
2987	36.1	31.8125
2988	36.1	31.8125
2989	36.1	31.8125
2990	36.1	31.8125
2991	36.1	31.75
2992	36.1	31.8125
2993	36.1	31.75
2994	36.1	31.8125
2995	36.1	31.8125
2996	36.1	31.8125
2997	36.1	31.8125
2998	36.1	31.75
2999	36.1	31.8125
3000	36.1	31.75
3001	36.1	31.8125
3002	36.1	31.8125
3003	36.1	31.8125
3004	36.1	31.8125
3005	36.1	31.8125
3006	36.1	31.8125
3007	36.1	31.8125
3008	36.1	31.8125
3009	36.1	31.8125
3010	36.1	31.8125
3011	36.1	31.8125
3012	36.1	31.8125
3013	36.1	31.8125
3014	36.1	31.8125
3015	36.1	31.8125
3016	36.1	31.8125
3017	36.1	31.8125
3018	36.1	31.8125
3019	36.1	31.75
3020	36.1	31.8125
3021	36.1	31.8125
3022	36.1	31.8125
3023	36.1	31.8125
3024	36.1	31.75
3025	36.1	31.8125
3026	36.1	31.8125
3027	36.1	31.8125
3028	36.1	31.8125
3029	36.1	31.8125
3030	36.1	31.8125
3031	36.1	31.8125
3032	36.1	31.8125
3033	36.1	31.8125
3034	36.1	31.8125
3035	36.1	31.8125
3036	36.1	31.8125
3037	36.1	31.8125
3038	36.1	31.8125
3039	36.1	31.8125
3040	36.1	31.8125
3041	36.1	31.8125
3042	36.1	31.8125
3043	36.1	31.8125
3044	36.1	31.8125
3045	36.1	31.8125
3046	36.1	31.8125
3047	36.1	31.8125
3048	36.1	31.8125
3049	36.1	31.8125
3050	36.1	31.8125
3051	36.1	31.8125
3052	36.1	31.8125
3053	36.1	31.8125
3054	36.1	31.8125
3055	36.1	31.8125
3056	36.1	31.8125
3057	36.1	31.8125
3058	36.1	31.8125
3059	36.1	31.8125
3060	36.1	31.8125
3061	36.1	31.8125
3062	36.1	31.8125
3063	36.1	31.8125
3064	36.2	31.8125
3065	36.2	31.8125
3066	36.2	31.8125
3067	36.2	31.8125
3068	36.2	31.8125
3069	36.2	31.8125
3070	36.2	31.8125
3071	36.2	31.8125
3072	36.2	31.8125
3073	36.2	31.8125
3074	36.2	31.8125
3075	36.2	31.8125
3076	36.2	31.8125
3077	36.2	31.8125
3078	36.2	31.8125
3079	36.2	31.8125
3080	36.2	31.8125
3081	36.2	31.8125
3082	36.2	31.8125
3083	36.2	31.8125
3084	36.2	31.8125
3085	36.2	31.8125
3086	36.2	31.8125
3087	36.2	31.8125
3088	36.2	31.8125
3089	36.2	31.8125
3090	36.2	31.8125
3091	36.2	31.8125
3092	36.2	31.8125
3093	36.2	31.8125
3094	36.2	31.8125
3095	36.2	31.8125
3096	36.2	31.8125
3097	36.2	31.8125
3098	36.2	31.875
3099	36.2	31.8125
3100	36.2	31.8125
3101	36.2	31.8125
3102	36.2	31.8125
3103	36.2	31.8125
3104	36.2	31.8125
3105	36.2	31.8125
3106	36.2	31.8125
3107	36.2	31.8125
3108	36.2	31.8125
3109	36.2	31.875
3110	36.2	31.8125
3111	36.2	31.8125
3112	36.2	31.8125
3113	36.2	31.8125
3114	36.2	31.8125
3115	36.2	31.8125
3116	36.2	31.8125
3117	36.2	31.8125
3118	36.2	31.8125
3119	36.2	31.8125
3120	36.2	31.8125
3121	36.2	31.875
3122	36.2	31.8125
3123	36.2	31.875
3124	36.2	31.8125
3125	36.2	31.8125
3126	36.2	31.8125
3127	36.2	31.8125
3128	36.2	31.875
3129	36.2	31.8125
3130	36.2	31.875
3131	36.2	31.8125
3132	36.2	31.875
3133	36.2	31.875
3134	36.2	31.8125
3135	36.2	31.875
3136	36.2	31.875
3137	36.2	31.875
3138	36.2	31.8125
3139	36.2	31.8125
3140	36.2	31.8125
3141	36.2	31.875
3142	36.2	31.875
3143	36.2	31.875
3144	36.2	31.875
3145	36.2	31.875
3146	36.2	31.875
3147	36.2	31.875
3148	36.2	31.875
3149	36.2	31.875
3150	36.2	31.8125
3151	36.2	31.875
3152	36.2	31.875
3153	36.2	31.875
3154	36.2	31.8125
3155	36.2	31.875
3156	36.2	31.875
3157	36.2	31.875
3158	36.2	31.875
3159	36.2	31.875
3160	36.2	31.875
3161	36.2	31.8125
3162	36.2	31.8125
3163	36.2	31.875
3164	36.2	31.875
3165	36.2	31.875
3166	36.2	31.875
3167	36.2	31.875
3168	36.2	31.875
3169	36.2	31.875
3170	36.2	31.875
3171	36.2	31.875
3172	36.2	31.8125
3173	36.2	31.8125
3174	36.2	31.875
3175	36.2	31.875
3176	36.2	31.875
3177	36.2	31.875
3178	36.2	31.875
3179	36.2	31.875
3180	36.2	31.875
3181	36.2	31.875
3182	36.2	31.875
3183	36.2	31.875
3184	36.2	31.875
3185	36.2	31.875
3186	36.2	31.875
3187	36.2	31.875
3188	36.2	31.875
3189	36.2	31.875
3190	36.2	31.875
3191	36.2	31.875
3192	36.2	31.875
3193	36.2	31.9375
3194	36.2	31.9375
3195	36.2	31.875
3196	36.2	31.875
3197	36.2	31.875
3198	36.2	31.875
3199	36.2	31.875
3200	36.2	31.8125
3201	36.2	31.8125
3202	36.2	31.8125
3203	36.2	31.8125
3204	36.2	31.8125
3205	36.2	31.8125
3206	36.2	31.8125
3207	36.2	31.8125
3208	36.2	31.8125
3209	36.2	31.8125
3210	36.2	31.875
3211	36.2	31.875
3212	36.2	31.8125
3213	36.2	31.8125
3214	36.2	31.8125
3215	36.2	31.8125
3216	36.2	31.875
3217	36.2	31.875
3218	36.2	31.875
3219	36.2	31.875
3220	36.2	31.875
3221	36.2	31.875
3222	36.2	31.875
3223	36.2	31.8125
3224	36.2	31.875
3225	36.2	31.875
3226	36.2	31.875
3227	36.2	31.875
3228	36.2	31.875
3229	36.2	31.875
3230	36.2	31.875
3231	36.2	31.875
3232	36.2	31.875
3233	36.2	31.875
3234	36.2	31.875
3235	36.2	31.875
3236	36.2	31.875
3237	36.2	31.875
3238	36.2	31.875
3239	36.2	31.875
3240	36.2	31.875
3241	36.2	31.875
3242	36.2	31.875
3243	36.2	31.875
3244	36.2	31.875
3245	36.2	31.875
3246	36.2	31.875
3247	36.2	31.875
3248	36.2	31.875
3249	36.2	31.875
3250	36.2	31.875
3251	36.2	31.875
3252	36.2	31.875
3253	36.2	31.875
3254	36.2	31.875
3255	36.2	31.875
3256	36.2	31.875
3257	36.2	31.875
3258	36.2	31.875
3259	36.2	31.875
3260	36.2	31.875
3261	36.2	31.875
3262	36.2	31.875
3263	36.2	31.875
3264	36.2	31.875
3265	36.2	31.875
3266	36.2	31.875
3267	36.2	31.875
3268	36.2	31.875
3269	36.2	31.9375
3270	36.2	31.875
3271	36.2	31.875
3272	36.2	31.875
3273	36.2	31.875
3274	36.2	31.875
3275	36.2	31.875
3276	36.2	31.9375
3277	36.2	31.875
3278	36.2	31.875
3279	36.2	31.9375
3280	36.2	31.875
3281	36.2	31.9375
3282	36.2	31.9375
3283	36.2	31.9375
3284	36.2	31.9375
3285	36.2	31.9375
3286	36.2	31.875
3287	36.2	31.9375
3288	36.2	31.9375
3289	36.2	31.875
3290	36.2	31.875
3291	36.3	31.9375
3292	36.3	31.9375
3293	36.2	31.875
3294	36.2	31.875
3295	36.2	31.9375
3296	36.2	31.9375
3297	36.2	31.9375
3298	36.2	31.875
3299	36.2	31.875
3300	36.2	31.875
3301	36.2	31.9375
3302	36.2	31.875
3303	36.2	31.875
3304	36.2	31.9375
3305	36.2	31.9375
3306	36.2	31.875
3307	36.2	31.9375
3308	36.2	31.9375
3309	36.2	31.9375
3310	36.2	31.9375
3311	36.2	31.9375
3312	36.2	31.9375
3313	36.2	31.9375
3314	36.2	31.9375
3315	36.2	31.9375
3316	36.2	31.9375
3317	36.2	31.875
3318	36.2	31.9375
3319	36.2	31.9375
3320	36.2	31.9375
3321	36.3	31.9375
3322	36.3	31.9375
3323	36.2	31.9375
3324	36.2	31.9375
3325	36.2	31.9375
3326	36.2	31.9375
3327	36.2	31.9375
3328	36.2	31.9375
3329	36.2	31.9375
3330	36.2	31.9375
3331	36.2	31.9375
3332	36.2	31.9375
3333	36.2	31.9375
3334	36.2	31.9375
3335	36.2	31.9375
3336	36.2	31.875
3337	36.2	31.9375
3338	36.2	31.9375
3339	36.2	31.9375
3340	36.2	31.9375
3341	36.3	31.9375
3342	36.3	31.9375
3343	36.2	31.9375
3344	36.2	31.9375
3345	36.2	31.9375
3346	36.2	31.9375
3347	36.2	31.9375
3348	36.2	31.9375
3349	36.2	31.9375
3350	36.2	31.9375
3351	36.2	31.9375
3352	36.2	31.9375
3353	36.2	31.9375
3354	36.2	31.9375
3355	36.2	31.9375
3356	36.2	31.9375
3357	36.2	31.9375
3358	36.2	31.9375
3359	36.2	32
3360	36.2	31.9375
3361	36.2	31.9375
3362	36.2	31.9375
3363	36.2	31.9375
3364	36.2	31.9375
3365	36.3	31.9375
3366	36.3	31.9375
3367	36.3	31.9375
3368	36.3	31.9375
3369	36.2	32
3370	36.2	31.9375
3371	36.2	31.9375
3372	36.2	31.9375
3373	36.3	31.9375
3374	36.3	31.9375
3375	36.3	31.9375
3376	36.3	31.9375
3377	36.2	31.9375
3378	36.2	31.9375
3379	36.3	31.9375
3380	36.3	32
3381	36.2	31.9375
3382	36.2	31.9375
3383	36.2	31.9375
3384	36.2	31.9375
3385	36.3	31.9375
3386	36.3	31.9375
3387	36.2	31.9375
3388	36.2	31.9375
3389	36.3	31.9375
3390	36.3	31.9375
3391	36.2	32
3392	36.2	31.9375
3393	36.2	32
3394	36.2	31.9375
3395	36.2	31.9375
3396	36.2	32
3397	36.2	31.9375
3398	36.2	32
3399	36.2	32
3400	36.2	32
3401	36.2	31.9375
3402	36.2	31.9375
3403	36.2	32
3404	36.2	31.9375
3405	36.2	31.9375
3406	36.2	31.9375
3407	36.2	31.9375
3408	36.2	31.9375
3409	36.2	32
3410	36.2	31.9375
3411	36.2	32
3412	36.3	31.9375
3413	36.3	31.9375
3414	36.3	31.9375
3415	36.3	31.9375
3416	36.3	32
3417	36.3	32
3418	36.3	32
3419	36.3	31.9375
3420	36.3	31.9375
3421	36.3	32
3422	36.3	32
3423	36.3	31.9375
3424	36.3	32
3425	36.3	31.9375
3426	36.3	31.9375
3427	36.3	31.9375
3428	36.3	32
3429	36.3	32
3430	36.3	32
3431	36.3	31.9375
3432	36.3	32
3433	36.3	32
3434	36.3	32
3435	36.3	31.9375
3436	36.3	32
3437	36.3	32
3438	36.3	32
3439	36.3	32
3440	36.3	32
3441	36.3	32
3442	36.3	32
3443	36.3	32
3444	36.3	32
3445	36.3	32
3446	36.3	32
3447	36.3	32
3448	36.3	32
3449	36.3	32
3450	36.3	32
3451	36.3	32
3452	36.3	32
3453	36.3	32
3454	36.3	32
3455	36.3	32
3456	36.3	32
3457	36.3	32
3458	36.3	31.9375
3459	36.3	31.9375
3460	36.3	32
3461	36.3	32
3462	36.3	32
3463	36.3	32
3464	36.3	32
3465	36.3	32
3466	36.3	32
3467	36.3	32
3468	36.3	32
3469	36.3	32
3470	36.3	32
3471	36.3	32
3472	36.3	31.9375
3473	36.3	32
3474	36.3	32
3475	36.3	32
3476	36.3	32
3477	36.3	32
3478	36.3	32
3479	36.3	32
3480	36.3	32
3481	36.3	32
3482	36.3	32
3483	36.3	32
3484	36.3	32
3485	36.3	32
3486	36.3	32
3487	36.3	32
3488	36.3	32
3489	36.3	32
3490	36.3	32
3491	36.3	32
3492	36.3	32
3493	36.3	32
3494	36.3	32
3495	36.3	32
3496	36.3	32
3497	36.3	32
3498	36.3	32
3499	36.3	32
3500	36.3	32
3501	36.3	32
3502	36.3	32
3503	36.3	32
3504	36.3	32
3505	36.3	32
3506	36.3	32
3507	36.3	32
3508	36.3	32
3509	36.3	32
3510	36.3	32
3511	36.3	32
3512	36.3	32
3513	36.3	32
3514	36.3	32
3515	36.3	32
3516	36.3	32
3517	36.3	32
3518	36.3	32
3519	36.3	32
3520	36.3	32
3521	36.3	32
3522	36.3	32
3523	36.3	32
3524	36.3	32
3525	36.3	32
3526	36.3	32
3527	36.3	32
3528	36.3	32
3529	36.3	32
3530	36.3	32
3531	36.3	32
3532	36.3	32
3533	36.3	32
3534	36.3	32
3535	36.3	32
3536	36.3	32
3537	36.3	32
3538	36.3	32.0625
3539	36.3	32
3540	36.3	32
3541	36.3	32
3542	36.3	32
3543	36.3	32
3544	36.3	32
3545	36.3	32
3546	36.3	32
3547	36.3	32
3548	36.3	32
3549	36.3	32
3550	36.3	32
3551	36.3	32
3552	36.3	32
3553	36.3	32
3554	36.3	32.0625
3555	36.3	32
3556	36.3	32
3557	36.3	32
3558	36.3	32
3559	36.3	32
3560	36.3	32
3561	36.3	32
3562	36.3	32
3563	36.3	32
3564	36.3	32
3565	36.3	32
3566	36.3	32
3567	36.3	32
3568	36.3	32
3569	36.3	32
3570	36.3	32.0625
3571	36.3	32
3572	36.3	32
3573	36.3	32
3574	36.3	32
3575	36.3	32
3576	36.3	32.0625
3577	36.3	32
3578	36.3	32
3579	36.3	32
3580	36.3	32.0625
3581	36.3	32.0625
3582	36.3	32
3583	36.3	32
3584	36.3	32
3585	36.3	32
3586	36.3	32
3587	36.3	32
3588	36.3	32
3589	36.3	32.0625
3590	36.3	32
3591	36.3	32.0625
3592	36.3	32.0625
3593	36.3	32
3594	36.3	32.0625
3595	36.3	32
3596	36.3	32
3597	36.3	32
3598	36.3	32
3599	36.3	32
3600	36.3	32
3601	36.3	32
3602	36.3	32
3603	36.4	32.0625
3604	36.4	32.0625
3605	36.4	32.0625
3606	36.4	32
3607	36.4	32.0625
3608	36.4	32.0625
3609	36.4	32
3610	36.4	32.0625
3611	36.4	32.0625
3612	36.4	32.0625
3613	36.4	32
3614	36.4	32.0625
3615	36.4	32.0625
3616	36.4	32
3617	36.4	32.0625
3618	36.4	32.0625
3619	36.4	32.0625
3620	36.4	32
3621	36.4	32.0625
3622	36.4	32.0625
3623	36.4	32.0625
3624	36.4	32
3625	36.4	32.0625
3626	36.4	32.0625
3627	36.4	32
3628	36.4	32.0625
3629	36.4	32.0625
3630	36.4	32.0625
3631	36.4	32.0625
3632	36.4	32.0625
3633	36.4	32
3634	36.4	32.0625
3635	36.4	32.0625
3636	36.4	32.0625
3637	36.4	32.0625
3638	36.4	32.0625
3639	36.4	32.0625
3640	36.4	32.0625
3641	36.4	32.0625
3642	36.4	32
3643	36.4	32.0625
3644	36.4	32.0625
3645	36.4	32.0625
3646	36.4	32.0625
3647	36.4	32.0625
3648	36.4	32.0625
3649	36.4	32.0625
3650	36.4	32.0625
3651	36.4	32.0625
3652	36.4	32.0625
3653	36.4	32.0625
3654	36.4	32.0625
3655	36.4	32.0625
3656	36.4	32.0625
3657	36.4	32.0625
3658	36.4	32.0625
3659	36.4	32.0625
3660	36.4	32.0625
3661	36.4	32.0625
3662	36.4	32.0625
3663	36.4	32.0625
3664	36.4	32.0625
3665	36.4	32.0625
3666	36.4	32.0625
3667	36.4	32.0625
3668	36.4	32.0625
3669	36.4	32.0625
3670	36.4	32.0625
3671	36.4	32.0625
3672	36.4	32.0625
3673	36.4	32.0625
3674	36.4	32.0625
3675	36.4	32.0625
3676	36.4	32.0625
3677	36.4	32.0625
3678	36.4	32.0625
3679	36.4	32.0625
3680	36.4	32.0625
3681	36.4	32.0625
3682	36.4	32.0625
3683	36.4	32.0625
3684	36.4	32.0625
3685	36.4	32.0625
3686	36.4	32.0625
3687	36.4	32.0625
3688	36.4	32.0625
3689	36.4	32.0625
3690	36.4	32.0625
3691	36.4	32.0625
3692	36.4	32.0625
3693	36.4	32.0625
3694	36.4	32.0625
3695	36.4	32.0625
3696	36.4	32.0625
3697	36.4	32.0625
3698	36.4	32.0625
3699	36.4	32.0625
3700	36.4	32.0625
3701	36.4	32.0625
3702	36.4	32.0625
3703	36.4	32.0625
3704	36.4	32.0625
3705	36.4	32.0625
3706	36.4	32.0625
3707	36.4	32.0625
3708	36.4	32.0625
3709	36.4	32.0625
3710	36.4	32.0625
3711	36.4	32.0625
3712	36.4	32.0625
3713	36.4	32.0625
3714	36.4	32.125
3715	36.4	32.0625
3716	36.4	32.0625
3717	36.4	32.0625
3718	36.4	32.0625
3719	36.4	32.0625
3720	36.4	32.0625
3721	36.4	32.0625
3722	36.4	32.0625
3723	36.4	32.0625
3724	36.4	32.0625
3725	36.4	32.0625
3726	36.4	32.0625
3727	36.4	32.0625
3728	36.4	32.0625
3729	36.4	32.0625
3730	36.4	32.0625
3731	36.4	32.0625
3732	36.4	32.0625
3733	36.4	32.0625
3734	36.4	32.125
3735	36.4	32.0625
3736	36.4	32.0625
3737	36.4	32.0625
3738	36.4	32.0625
3739	36.4	32.0625
3740	36.4	32.0625
3741	36.4	32.0625
3742	36.4	32.125
3743	36.4	32.0625
3744	36.4	32.0625
3745	36.4	32.125
3746	36.4	32.0625
3747	36.4	32.0625
3748	36.4	32.0625
3749	36.4	32.0625
3750	36.4	32.0625
3751	36.4	32.125
3752	36.4	32.0625
3753	36.4	32.0625
3754	36.4	32.0625
3755	36.4	32.0625
3756	36.4	32.0625
3757	36.4	32.0625
3758	36.4	32.0625
3759	36.4	32.125
3760	36.4	32.0625
3761	36.4	32.125
3762	36.4	32.125
3763	36.4	32.0625
3764	36.4	32.125
3765	36.4	32.125
3766	36.4	32.125
3767	36.4	32.125
3768	36.4	32.0625
3769	36.4	32.125
3770	36.4	32.0625
3771	36.4	32.0625
3772	36.4	32.125
3773	36.4	32.125
3774	36.4	32.125
3775	36.4	32.0625
3776	36.4	32.0625
3777	36.4	32.0625
3778	36.4	32.0625
3779	36.4	32.125
3780	36.4	32.125
3781	36.4	32.125
3782	36.4	32.125
3783	36.4	32.125
3784	36.4	32.125
3785	36.4	32.125
3786	36.4	32.125
3787	36.4	32.125
3788	36.4	32.125
3789	36.4	32.125
3790	36.4	32.125
3791	36.4	32.0625
3792	36.4	32.0625
3793	36.4	32.0625
3794	36.4	32.0625
3795	36.4	32.0625
3796	36.4	32.0625
3797	36.4	32.125
3798	36.4	32.0625
3799	36.4	32.125
3800	36.4	32.125
3801	36.4	32.125
3802	36.4	32.0625
3803	36.4	32.0625
3804	36.4	32.125
3805	36.4	32.125
3806	36.4	32.0625
3807	36.4	32.0625
3808	36.4	32.125
3809	36.4	32.0625
3810	36.4	32.125
3811	36.4	32.125
3812	36.4	32.125
3813	36.4	32.125
3814	36.4	32.125
3815	36.4	32.125
3816	36.4	32.125
3817	36.4	32.125
3818	36.4	32.0625
3819	36.4	32.125
3820	36.4	32.125
3821	36.4	32.125
3822	36.4	32.125
3823	36.4	32.125
3824	36.4	32.125
3825	36.4	32.125
3826	36.4	32.125
3827	36.4	32.0625
3828	36.4	32.125
3829	36.4	32.125
3830	36.4	32.125
3831	36.4	32.125
3832	36.4	32.125
3833	36.4	32.0625
3834	36.4	32.125
3835	36.4	32.125
3836	36.4	32.125
3837	36.4	32.125
3838	36.4	32.125
3839	36.4	32.125
3840	36.4	32.125
3841	36.4	32.125
3842	36.4	32.0625
3843	36.4	32.125
3844	36.4	32.125
3845	36.4	32.125
3846	36.4	32.125
3847	36.4	32.125
3848	36.4	32.125
3849	36.4	32.125
3850	36.4	32.125
3851	36.4	32.125
3852	36.4	32.125
3853	36.4	32.125
3854	36.4	32.125
3855	36.4	32.125
3856	36.4	32.125
3857	36.4	32.125
3858	36.4	32.125
3859	36.4	32.125
3860	36.4	32.125
3861	36.4	32.125
3862	36.4	32.125
3863	36.4	32.125
3864	36.4	32.125
3865	36.4	32.125
3866	36.4	32.125
3867	36.4	32.125
3868	36.4	32.125
3869	36.4	32.125
3870	36.5	32.125
3871	36.5	32.125
3872	36.4	32.125
3873	36.4	32.125
3874	36.5	32.125
3875	36.5	32.125
3876	36.5	32.125
3877	36.5	32.125
3878	36.5	32.125
3879	36.5	32.125
3880	36.5	32.125
3881	36.5	32.125
3882	36.5	32.125
3883	36.5	32.125
3884	36.5	32.0625
3885	36.5	32.0625
3886	36.5	32.0625
3887	36.5	32.125
3888	36.5	32.125
3889	36.5	32.0625
3890	36.5	32.125
3891	36.5	32.125
3892	36.5	32.0625
3893	36.5	32.125
3894	36.5	32.0625
3895	36.5	32.0625
3896	36.5	32.0625
3897	36.5	32.125
3898	36.5	32.125
3899	36.5	32.0625
3900	36.5	32.0625
3901	36.5	32.125
3902	36.5	32.0625
3903	36.5	32.125
3904	36.5	32.125
3905	36.5	32.125
3906	36.5	32.0625
3907	36.5	32.125
3908	36.5	32.0625
3909	36.5	32.0625
3910	36.5	32.0625
3911	36.5	32.125
3912	36.5	32.125
3913	36.5	32.0625
3914	36.5	32.125
3915	36.5	32.125
3916	36.5	32.125
3917	36.5	32.0625
3918	36.5	32.125
3919	36.5	32.125
3920	36.5	32.125
3921	36.5	32.125
3922	36.5	32.125
3923	36.5	32.125
3924	36.5	32.125
3925	36.5	32.125
3926	36.5	32.125
3927	36.5	32.125
3928	36.5	32.125
3929	36.5	32.125
3930	36.5	32.125
3931	36.5	32.125
3932	36.5	32.125
3933	36.5	32.0625
3934	36.5	32.125
3935	36.5	32.125
3936	36.5	32.0625
3937	36.5	32.125
3938	36.5	32.125
3939	36.5	32.125
3940	36.5	32.125
3941	36.5	32.125
3942	36.5	32.125
3943	36.5	32.125
3944	36.5	32.125
3945	36.5	32.125
3946	36.5	32.125
3947	36.5	32.125
3948	36.5	32.125
3949	36.5	32.125
3950	36.5	32.125
3951	36.5	32.125
3952	36.5	32.125
3953	36.5	32.125
3954	36.5	32.125
3955	36.5	32.125
3956	36.5	32.125
3957	36.5	32.125
3958	36.5	32.125
3959	36.5	32.125
3960	36.5	32.125
3961	36.5	32.125
3962	36.5	32.125
3963	36.5	32.125
3964	36.5	32.125
3965	36.5	32.125
3966	36.5	32.125
3967	36.5	32.125
3968	36.5	32.125
3969	36.5	32.125
3970	36.5	32.125
3971	36.5	32.125
3972	36.5	32.1875
3973	36.5	32.125
3974	36.5	32.125
3975	36.5	32.125
3976	36.5	32.125
3977	36.5	32.125
3978	36.5	32.125
3979	36.5	32.1875
3980	36.5	32.1875
3981	36.5	32.125
3982	36.5	32.125
3983	36.5	32.1875
3984	36.5	32.125
3985	36.5	32.125
3986	36.5	32.125
3987	36.5	32.1875
3988	36.5	32.125
3989	36.5	32.1875
3990	36.5	32.1875
3991	36.5	32.125
3992	36.5	32.125
3993	36.5	32.1875
3994	36.5	32.125
3995	36.5	32.1875
3996	36.5	32.1875
3997	36.5	32.125
3998	36.5	32.125
3999	36.5	32.125
4000	36.5	32.125
4001	36.5	32.1875
4002	36.5	32.1875
4003	36.5	32.1875
4004	36.5	32.125
4005	36.5	32.125
4006	36.5	32.1875
4007	36.5	32.1875
4008	36.5	32.125
4009	36.5	32.1875
4010	36.5	32.1875
4011	36.5	32.1875
4012	36.5	32.1875
4013	36.5	32.125
4014	36.5	32.1875
4015	36.5	32.125
4016	36.5	32.1875
4017	36.5	32.1875
4018	36.5	32.1875
4019	36.5	32.1875
4020	36.5	32.1875
4021	36.5	32.1875
4022	36.5	32.1875
4023	36.5	32.1875
4024	36.5	32.1875
4025	36.5	32.1875