#t(s)	T TESTO (°C)	T DS18B20 (°C)
0	40.2	34.5625
1	40.2	34.5625
2	40.2	34.5625
3	40.2	34.5625
4	40.2	34.5625
5	40.2	34.5625
6	40.2	34.5625
7	40.2	34.5625
8	40.2	34.5625
9	40.2	34.5625
10	40.2	34.625
11	40.2	34.5625
12	40.2	34.625
13	40.2	34.625
14	40.2	34.5625
15	40.2	34.625
16	40.2	34.625
17	40.2	34.625
18	40.2	34.625
19	40.2	34.5625
20	40.2	34.625
21	40.2	34.625
22	40.2	34.5625
23	40.2	34.625
24	40.2	34.625
25	40.2	34.5625
26	40.2	34.5625
27	40.2	34.5625
28	40.2	34.5625
29	40.2	34.5625
30	40.2	34.5625
31	40.2	34.5625
32	40.2	34.625
33	40.2	34.625
34	40.2	34.5625
35	40.2	34.625
36	40.2	34.625
37	40.2	34.625
38	40.2	34.5625
39	40.2	34.625
40	40.2	34.625
41	40.2	34.5625
42	40.2	34.625
43	40.2	34.625
44	40.2	34.625
45	40.2	34.625
46	40.2	34.625
47	40.2	34.625
48	40.2	34.625
49	40.2	34.625
50	40.2	34.625
51	40.3	34.6875
52	40.3	34.625
53	40.3	34.6875
54	40.3	34.625
55	40.3	34.6875
56	40.3	34.625
57	40.3	34.625
58	40.3	34.625
59	40.3	34.625
60	40.3	34.625
61	40.3	34.625
62	40.3	34.625
63	40.3	34.625
64	40.3	34.625
65	40.3	34.625
66	40.3	34.625
67	40.3	34.625
68	40.3	34.625
69	40.3	34.625
70	40.3	34.625
71	40.3	34.625
72	40.3	34.6875
73	40.3	34.625
74	40.3	34.625
75	40.3	34.6875
76	40.3	34.6875
77	40.3	34.6875
78	40.3	34.6875
79	40.3	34.6875
80	40.3	34.6875
81	40.3	34.6875
82	40.3	34.6875
83	40.3	34.6875
84	40.3	34.6875
85	40.3	34.6875
86	40.3	34.6875
87	40.3	34.6875
88	40.4	34.6875
89	40.4	34.6875
90	40.4	34.6875
91	40.4	34.6875
92	40.4	34.6875
93	40.4	34.6875
94	40.4	34.75
95	40.4	34.75
96	40.4	34.6875
97	40.4	34.6875
98	40.4	34.6875
99	40.4	34.6875
100	40.4	34.6875
101	40.4	34.6875
102	40.4	34.6875
103	40.4	34.6875
104	40.4	34.6875
105	40.4	34.6875
106	40.5	34.6875
107	40.5	34.6875
108	40.5	34.6875
109	40.5	34.75
110	40.5	34.6875
111	40.5	34.6875
112	40.5	34.75
113	40.5	34.6875
114	40.5	34.6875
115	40.5	34.6875
116	40.5	34.6875
117	40.5	34.6875
118	40.5	34.6875
119	40.5	34.75
120	40.5	34.6875
121	40.5	34.75
122	40.5	34.6875
123	40.5	34.75
124	40.5	34.75
125	40.5	34.75
126	40.5	34.75
127	40.5	34.75
128	40.5	34.75
129	40.5	34.75
130	40.6	34.75
131	40.6	34.75
132	40.6	34.75
133	40.6	34.75
134	40.6	34.75
135	40.6	34.75
136	40.6	34.75
137	40.6	34.75
138	40.6	34.75
139	40.6	34.75
140	40.6	34.75
141	40.6	34.8125
142	40.6	34.75
143	40.6	34.75
144	40.6	34.75
145	40.6	34.75
146	40.6	34.8125
147	40.6	34.75
148	40.6	34.8125
149	40.6	34.75
150	40.6	34.8125
151	40.6	34.8125
152	40.6	34.8125
153	40.6	34.8125
154	40.7	34.8125
155	40.7	34.8125
156	40.7	34.8125
157	40.7	34.8125
158	40.7	34.8125
159	40.7	34.8125
160	40.7	34.8125
161	40.7	34.8125
162	40.7	34.8125
163	40.7	34.8125
164	40.7	34.8125
165	40.7	34.8125
166	40.7	34.8125
167	40.7	34.8125
168	40.7	34.8125
169	40.7	34.8125
170	40.7	34.8125
171	40.7	34.8125
172	40.7	34.8125
173	40.7	34.8125
174	40.7	34.8125
175	40.7	34.8125
176	40.7	34.8125
177	40.7	34.8125
178	40.7	34.8125
179	40.7	34.8125
180	40.8	34.8125
181	40.8	34.8125
182	40.8	34.875
183	40.8	34.8125
184	40.8	34.875
185	40.8	34.8125
186	40.8	34.875
187	40.8	34.875
188	40.8	34.875
189	40.8	34.875
190	40.8	34.875
191	40.8	34.875
192	40.8	34.875
193	40.8	34.875
194	40.9	34.875
195	40.9	34.875
196	40.8	34.875
197	40.8	34.875
198	40.9	34.875
199	40.9	34.875
200	40.9	34.875
201	40.9	34.875
202	40.9	34.875
203	40.9	34.875
204	40.9	34.9375
205	40.9	34.875
206	40.9	34.875
207	40.9	34.875
208	40.9	34.875
209	40.9	34.875
210	40.9	34.9375
211	40.9	34.875
212	40.9	34.875
213	40.9	34.9375
214	40.9	34.875
215	40.9	34.875
216	40.9	34.9375
217	40.9	34.9375
218	40.9	34.9375
219	40.9	34.9375
220	40.9	34.9375
221	40.9	34.9375
222	40.9	34.9375
223	40.9	34.9375
224	41	34.9375
225	41	34.9375
226	41	34.9375
227	41	34.9375
228	41	34.9375
229	41	34.9375
230	41	34.9375
231	41	34.9375
232	41	34.9375
233	41	34.9375
234	41	34.9375
235	41	34.9375
236	41	34.9375
237	41	34.9375
238	41	34.9375
239	41	34.9375
240	41	34.9375
241	41	34.9375
242	41	34.9375
243	41	34.9375
244	41	34.9375
245	41	34.9375
246	41	34.9375
247	41	34.9375
248	41	34.9375
249	41	34.9375
250	41	35
251	41	35
252	41	35
253	41	35
254	41	35
255	41	34.9375
256	41.1	35
257	41.1	35
258	41.1	35
259	41.1	35
260	41.1	35
261	41.1	35
262	41.1	35
263	41.1	35
264	41.1	35
265	41.1	35
266	41.1	35
267	41.1	35
268	41.1	35
269	41.1	35
270	41.1	35
271	41.1	35
272	41.2	35
273	41.2	35
274	41.2	35
275	41.2	35
276	41.2	35
277	41.2	35
278	41.2	35.0625
279	41.2	35.0625
280	41.2	35
281	41.2	35.0625
282	41.2	35.0625
283	41.2	35
284	41.2	35.0625
285	41.2	35.0625
286	41.2	35.0625
287	41.2	35
288	41.2	35.0625
289	41.2	35.0625
290	41.2	35
291	41.2	35.0625
292	41.2	35.0625
293	41.2	35.0625
294	41.2	35.0625
295	41.2	35.0625
296	41.2	35.0625
297	41.2	35
298	41.2	35.0625
299	41.2	35.0625
300	41.2	35.0625
301	41.2	35.0625
302	41.2	35.0625
303	41.2	35.0625
304	41.2	35.0625
305	41.2	35.0625
306	41.2	35.0625
307	41.2	35.0625
308	41.2	35.0625
309	41.2	35.0625
310	41.2	35.0625
311	41.2	35.0625
312	41.3	35.0625
313	41.3	35.0625
314	41.3	35.0625
315	41.3	35.0625
316	41.3	35.0625
317	41.3	35.0625
318	41.3	35.0625
319	41.3	35.0625
320	41.3	35.0625
321	41.3	35.125
322	41.3	35.0625
323	41.3	35.0625
324	41.3	35.0625
325	41.3	35.125
326	41.3	35.125
327	41.3	35.0625
328	41.3	35.125
329	41.3	35.125
330	41.3	35.125
331	41.3	35.125
332	41.3	35.125
333	41.3	35.0625
334	41.3	35.125
335	41.3	35.125
336	41.3	35.125
337	41.3	35.125
338	41.3	35.125
339	41.3	35.125
340	41.3	35.125
341	41.3	35.125
342	41.3	35.125
343	41.3	35.125
344	41.3	35.125
345	41.3	35.125
346	41.3	35.125
347	41.3	35.125
348	41.3	35.125
349	41.4	35.125
350	41.4	35.125
351	41.4	35.125
352	41.4	35.125
353	41.4	35.125
354	41.4	35.125
355	41.4	35.125
356	41.4	35.125
357	41.4	35.125
358	41.4	35.125
359	41.4	35.125
360	41.4	35.1875
361	41.4	35.125
362	41.4	35.125
363	41.4	35.1875
364	41.4	35.1875
365	41.4	35.125
366	41.4	35.1875
367	41.4	35.1875
368	41.4	35.1875
369	41.4	35.1875
370	41.4	35.1875
371	41.4	35.1875
372	41.4	35.1875
373	41.4	35.1875
374	41.4	35.1875
375	41.4	35.1875
376	41.4	35.1875
377	41.4	35.1875
378	41.4	35.1875
379	41.4	35.1875
380	41.4	35.1875
381	41.4	35.1875
382	41.4	35.1875
383	41.4	35.1875
384	41.4	35.1875
385	41.4	35.1875
386	41.4	35.1875
387	41.4	35.1875
388	41.4	35.1875
389	41.4	35.1875
390	41.4	35.1875
391	41.4	35.1875
392	41.4	35.1875
393	41.5	35.1875
394	41.5	35.1875
395	41.5	35.1875
396	41.5	35.1875
397	41.5	35.1875
398	41.5	35.1875
399	41.5	35.1875
400	41.5	35.1875
401	41.5	35.25
402	41.5	35.25
403	41.5	35.1875
404	41.5	35.25
405	41.5	35.1875
406	41.5	35.25
407	41.5	35.25
408	41.5	35.1875
409	41.5	35.1875
410	41.5	35.25
411	41.5	35.25
412	41.5	35.25
413	41.5	35.25
414	41.5	35.25
415	41.5	35.25
416	41.5	35.25
417	41.6	35.25
418	41.6	35.25
419	41.6	35.25
420	41.6	35.25
421	41.6	35.25
422	41.6	35.25
423	41.6	35.25
424	41.6	35.25
425	41.6	35.25
426	41.6	35.25
427	41.6	35.25
428	41.6	35.25
429	41.6	35.25
430	41.6	35.25
431	41.6	35.25
432	41.6	35.25
433	41.6	35.25
434	41.6	35.3125
435	41.6	35.25
436	41.6	35.25
437	41.6	35.25
438	41.6	35.25
439	41.6	35.25
440	41.6	35.25
441	41.6	35.25
442	41.6	35.25
443	41.6	35.25
444	41.6	35.25
445	41.6	35.3125
446	41.6	35.25
447	41.6	35.25
448	41.6	35.25
449	41.6	35.25
450	41.6	35.25
451	41.6	35.3125
452	41.6	35.3125
453	41.6	35.25
454	41.6	35.25
455	41.6	35.3125
456	41.6	35.25
457	41.6	35.25
458	41.6	35.3125
459	41.6	35.25
460	41.6	35.3125
461	41.6	35.3125
462	41.6	35.3125
463	41.6	35.3125
464	41.6	35.3125
465	41.6	35.3125
466	41.6	35.3125
467	41.7	35.3125
468	41.7	35.3125
469	41.7	35.3125
470	41.7	35.3125
471	41.7	35.3125
472	41.7	35.3125
473	41.7	35.3125
474	41.7	35.3125
475	41.7	35.3125
476	41.7	35.3125
477	41.7	35.3125
478	41.7	35.3125
479	41.7	35.3125
480	41.7	35.3125
481	41.7	35.3125
482	41.7	35.3125
483	41.7	35.3125
484	41.7	35.3125
485	41.7	35.3125
486	41.7	35.3125
487	41.7	35.3125
488	41.7	35.375
489	41.7	35.3125
490	41.7	35.375
491	41.7	35.3125
492	41.7	35.3125
493	41.7	35.3125
494	41.7	35.375
495	41.7	35.375
496	41.7	35.375
497	41.7	35.375
498	41.7	35.375
499	41.7	35.3125
500	41.7	35.375
501	41.7	35.3125
502	41.7	35.375
503	41.7	35.375
504	41.7	35.375
505	41.7	35.375
506	41.7	35.375
507	41.7	35.375
508	41.7	35.375
509	41.7	35.375
510	41.7	35.375
511	41.7	35.375
512	41.7	35.375
513	41.7	35.375
514	41.7	35.375
515	41.7	35.375
516	41.7	35.375
517	41.7	35.375
518	41.7	35.375
519	41.7	35.375
520	41.7	35.375
521	41.7	35.375
522	41.7	35.375
523	41.7	35.375
524	41.7	35.375
525	41.7	35.375
526	41.7	35.375
527	41.7	35.375
528	41.7	35.375
529	41.8	35.375
530	41.8	35.375
531	41.8	35.375
532	41.8	35.375
533	41.8	35.375
534	41.8	35.375
535	41.8	35.375
536	41.8	35.375
537	41.8	35.375
538	41.8	35.4375
539	41.8	35.4375
540	41.8	35.375
541	41.8	35.375
542	41.8	35.4375
543	41.8	35.4375
544	41.8	35.4375
545	41.8	35.375
546	41.8	35.4375
547	41.8	35.375
548	41.8	35.375
549	41.8	35.4375
550	41.8	35.4375
551	41.8	35.4375
552	41.8	35.4375
553	41.8	35.4375
554	41.8	35.375
555	41.8	35.4375
556	41.8	35.4375
557	41.8	35.4375
558	41.8	35.4375
559	41.8	35.4375
560	41.8	35.4375
561	41.8	35.4375
562	41.8	35.4375
563	41.8	35.4375
564	41.8	35.4375
565	41.8	35.4375
566	41.8	35.4375
567	41.8	35.4375
568	41.8	35.4375
569	41.8	35.4375
570	41.8	35.4375
571	41.8	35.4375
572	41.8	35.4375
573	41.8	35.4375
574	41.8	35.4375
575	41.8	35.4375
576	41.8	35.4375
577	41.8	35.4375
578	41.8	35.4375
579	41.8	35.4375
580	41.8	35.4375
581	41.8	35.4375
582	41.8	35.4375
583	41.8	35.4375
584	41.8	35.4375
585	41.8	35.4375
586	41.8	35.4375
587	41.8	35.4375
588	41.8	35.5
589	41.8	35.5
590	41.8	35.4375
591	41.8	35.4375
592	41.8	35.5
593	41.8	35.4375
594	41.8	35.5
595	41.8	35.5
596	41.8	35.5
597	41.8	35.5
598	41.9	35.5
599	41.9	35.5
600	41.8	35.5
601	41.8	35.5
602	41.9	35.5
603	41.9	35.5
604	41.9	35.5
605	41.9	35.5
606	41.9	35.5
607	41.9	35.5
608	41.9	35.5
609	41.9	35.5
610	41.9	35.5
611	41.9	35.5
612	41.9	35.5
613	41.9	35.5
614	41.9	35.5
615	41.9	35.5
616	41.9	35.5
617	41.9	35.5
618	41.9	35.5
619	41.9	35.5
620	41.9	35.5
621	41.9	35.5
622	41.9	35.5
623	41.9	35.5
624	41.9	35.5
625	41.9	35.5
626	41.9	35.5
627	41.9	35.5
628	42	35.5
629	42	35.5
630	41.9	35.5
631	41.9	35.5
632	41.9	35.5
633	41.9	35.5
634	42	35.5
635	42	35.5
636	42	35.5
637	42	35.5
638	42	35.5
639	42	35.5
640	42	35.5
641	42	35.5
642	42	35.5
643	42	35.5
644	42	35.5
645	42	35.5
646	42	35.5
647	42	35.5625
648	42	35.5625
649	42	35.5
650	42	35.5625
651	42	35.5625
652	42	35.5625
653	42	35.5
654	42	35.5625
655	42	35.5625
656	42	35.5625
657	42	35.5625
658	42	35.5625
659	42	35.5
660	42	35.5
661	42	35.5625
662	42	35.5625
663	42	35.5625
664	42	35.5625
665	42	35.5625
666	42	35.5625
667	42	35.5625
668	42	35.5625
669	42	35.5625
670	42	35.5625
671	42	35.5625
672	42	35.5625
673	42	35.5625
674	42	35.5625
675	42	35.5625
676	42	35.5625
677	42	35.5625
678	42	35.5625
679	42	35.5625
680	42	35.5625
681	42	35.5625
682	42	35.5625
683	42	35.5625
684	42	35.5625
685	42	35.5625
686	42	35.5625
687	42	35.5625
688	42	35.5625
689	42	35.5625
690	42	35.5625
691	42	35.5625
692	42	35.5625
693	42	35.625
694	42	35.625
695	42	35.5625
696	42	35.5625
697	42	35.5625
698	42	35.5625
699	42	35.5625
700	42	35.5625
701	42	35.625
702	42	35.625
703	42	35.5625
704	42	35.5625
705	42	35.625
706	42	35.625
707	42	35.625
708	42.1	35.625
709	42.1	35.625
710	42	35.5625
711	42	35.625
712	42.1	35.625
713	42.1	35.625
714	42	35.625
715	42	35.625
716	42.1	35.625
717	42.1	35.625
718	42.1	35.5625
719	42.1	35.625
720	42.1	35.625
721	42.1	35.5625
722	42.1	35.625
723	42.1	35.625
724	42.1	35.625
725	42.1	35.625
726	42.1	35.625
727	42.1	35.625
728	42.1	35.625
729	42.1	35.6875
730	42.1	35.625
731	42.1	35.625
732	42.1	35.625
733	42.1	35.625
734	42.1	35.625
735	42.1	35.625
736	42.1	35.625
737	42.1	35.625
738	42.1	35.625
739	42.1	35.625
740	42.1	35.6875
741	42.1	35.6875
742	42.1	35.6875
743	42.1	35.6875
744	42.1	35.625
745	42.1	35.625
746	42.1	35.625
747	42.1	35.625
748	42.1	35.625
749	42.1	35.625
750	42.1	35.6875
751	42.1	35.6875
752	42.1	35.6875
753	42.1	35.6875
754	42.1	35.6875
755	42.1	35.625
756	42.1	35.6875
757	42.1	35.6875
758	42.1	35.6875
759	42.1	35.6875
760	42.1	35.6875
761	42.1	35.6875
762	42.1	35.6875
763	42.1	35.6875
764	42.1	35.6875
765	42.1	35.6875
766	42.1	35.6875
767	42.1	35.6875
768	42.1	35.6875
769	42.1	35.6875
770	42.1	35.6875
771	42.1	35.6875
772	42.1	35.6875
773	42.1	35.6875
774	42.1	35.6875
775	42.1	35.6875
776	42.1	35.6875
777	42.1	35.6875
778	42.1	35.6875
779	42.1	35.6875
780	42.1	35.6875
781	42.1	35.6875
782	42.1	35.6875
783	42.1	35.6875
784	42.1	35.6875
785	42.1	35.6875
786	42.1	35.6875
787	42.1	35.6875
788	42.1	35.6875
789	42.1	35.6875
790	42.1	35.6875
791	42.1	35.6875
792	42.1	35.6875
793	42.1	35.6875
794	42.1	35.6875
795	42.1	35.6875
796	42.1	35.6875
797	42.1	35.6875
798	42.2	35.6875
799	42.2	35.6875
800	42.1	35.75
801	42.1	35.6875
802	42.2	35.6875
803	42.2	35.6875
804	42.2	35.6875
805	42.2	35.6875
806	42.2	35.6875
807	42.2	35.6875
808	42.2	35.6875
809	42.2	35.6875
810	42.2	35.6875
811	42.2	35.6875
812	42.2	35.6875
813	42.2	35.6875
814	42.2	35.75
815	42.2	35.6875
816	42.2	35.6875
817	42.2	35.6875
818	42.2	35.75
819	42.2	35.75
820	42.2	35.6875
821	42.2	35.75
822	42.2	35.75
823	42.2	35.6875
824	42.2	35.6875
825	42.2	35.6875
826	42.2	35.75
827	42.2	35.6875
828	42.2	35.75
829	42.2	35.75
830	42.2	35.75
831	42.2	35.75
832	42.2	35.75
833	42.2	35.75
834	42.2	35.75
835	42.2	35.75
836	42.2	35.75
837	42.2	35.75
838	42.2	35.75
839	42.2	35.75
840	42.2	35.75
841	42.2	35.75
842	42.2	35.75
843	42.2	35.75
844	42.2	35.75
845	42.2	35.75
846	42.2	35.75
847	42.2	35.75
848	42.2	35.75
849	42.2	35.75
850	42.2	35.75
851	42.2	35.75
852	42.2	35.75
853	42.2	35.75
854	42.2	35.75
855	42.2	35.75
856	42.2	35.75
857	42.2	35.75
858	42.2	35.75
859	42.2	35.75
860	42.2	35.75
861	42.2	35.75
862	42.2	35.75
863	42.2	35.75
864	42.2	35.75
865	42.3	35.75
866	42.3	35.75
867	42.2	35.75
868	42.2	35.75
869	42.3	35.75
870	42.3	35.75
871	42.3	35.75
872	42.3	35.8125
873	42.3	35.75
874	42.3	35.8125
875	42.3	35.8125
876	42.3	35.75
877	42.3	35.75
878	42.3	35.8125
879	42.3	35.8125
880	42.3	35.75
881	42.3	35.8125
882	42.3	35.75
883	42.3	35.75
884	42.3	35.75
885	42.3	35.8125
886	42.3	35.8125
887	42.3	35.8125
888	42.3	35.8125
889	42.3	35.8125
890	42.3	35.8125
891	42.3	35.8125
892	42.3	35.8125
893	42.3	35.8125
894	42.3	35.8125
895	42.3	35.8125
896	42.3	35.8125
897	42.3	35.8125
898	42.3	35.8125
899	42.3	35.8125
900	42.3	35.8125
901	42.3	35.75
902	42.3	35.8125
903	42.3	35.8125
904	42.3	35.8125
905	42.3	35.8125
906	42.3	35.8125
907	42.3	35.8125
908	42.3	35.8125
909	42.3	35.8125
910	42.3	35.8125
911	42.3	35.8125
912	42.3	35.8125
913	42.3	35.8125
914	42.3	35.8125
915	42.3	35.8125
916	42.3	35.8125
917	42.3	35.8125
918	42.3	35.8125
919	42.3	35.8125
920	42.3	35.8125
921	42.3	35.8125
922	42.3	35.8125
923	42.3	35.8125
924	42.3	35.8125
925	42.3	35.8125
926	42.3	35.8125
927	42.3	35.8125
928	42.3	35.8125
929	42.3	35.8125
930	42.3	35.8125
931	42.3	35.875
932	42.3	35.8125
933	42.3	35.8125
934	42.3	35.8125
935	42.3	35.8125
936	42.3	35.8125
937	42.3	35.875
938	42.3	35.8125
939	42.3	35.875
940	42.3	35.8125
941	42.3	35.8125
942	42.3	35.875
943	42.3	35.875
944	42.3	35.875
945	42.3	35.8125
946	42.3	35.875
947	42.3	35.875
948	42.3	35.875
949	42.3	35.875
950	42.3	35.875
951	42.3	35.875
952	42.3	35.875
953	42.3	35.875
954	42.3	35.875
955	42.3	35.875
956	42.3	35.875
957	42.3	35.875
958	42.3	35.875
959	42.3	35.875
960	42.3	35.875
961	42.3	35.875
962	42.3	35.875
963	42.3	35.875
964	42.3	35.875
965	42.3	35.875
966	42.3	35.875
967	42.3	35.875
968	42.3	35.875
969	42.3	35.875
970	42.3	35.875
971	42.3	35.875
972	42.3	35.875
973	42.3	35.875
974	42.3	35.875
975	42.3	35.875
976	42.3	35.875
977	42.3	35.875
978	42.3	35.875
979	42.3	35.875
980	42.3	35.875
981	42.3	35.875
982	42.3	35.875
983	42.3	35.875
984	42.3	35.875
985	42.3	35.875
986	42.3	35.9375
987	42.3	35.875
988	42.3	35.9375
989	42.3	35.875
990	42.3	35.9375
991	42.3	35.875
992	42.3	35.875
993	42.3	35.875
994	42.3	35.875
995	42.3	35.9375
996	42.3	35.875
997	42.3	35.9375
998	42.3	35.875
999	42.3	35.875
1000	42.3	35.875
1001	42.3	35.875
1002	42.3	35.875
1003	42.3	35.875
1004	42.3	35.875
1005	42.3	35.875
1006	42.3	35.875
1007	42.3	35.875
1008	42.3	35.875
1009	42.3	35.875
1010	42.3	35.875
1011	42.3	35.875
1012	42.3	35.9375
1013	42.3	35.9375
1014	42.3	35.9375
1015	42.3	35.9375
1016	42.3	35.9375
1017	42.3	35.875
1018	42.3	35.9375
1019	42.3	35.875
1020	42.3	35.9375
1021	42.3	35.9375
1022	42.3	35.9375
1023	42.3	35.875
1024	42.3	35.9375
1025	42.3	35.875
1026	42.3	35.9375
1027	42.4	35.9375
1028	42.4	35.9375
1029	42.3	35.9375
1030	42.3	35.875
1031	42.3	35.9375
1032	42.3	35.875
1033	42.3	35.9375
1034	42.3	35.9375
1035	42.3	35.9375
1036	42.3	35.9375
1037	42.4	35.9375
1038	42.4	35.9375
1039	42.3	35.9375
1040	42.3	35.875
1041	42.3	35.9375
1042	42.3	35.9375
1043	42.4	35.9375
1044	42.4	35.9375
1045	42.3	35.9375
1046	42.3	35.9375
1047	42.3	35.9375
1048	42.3	35.9375
1049	42.4	35.9375
1050	42.4	35.9375
1051	42.4	35.9375
1052	42.4	35.9375
1053	42.3	35.9375
1054	42.3	35.9375
1055	42.4	35.9375
1056	42.4	35.9375
1057	42.4	35.9375
1058	42.4	35.9375
1059	42.4	35.9375
1060	42.4	35.9375
1061	42.4	35.9375
1062	42.4	35.9375
1063	42.4	35.9375
1064	42.4	35.9375
1065	42.4	35.9375
1066	42.4	35.9375
1067	42.4	35.9375
1068	42.4	35.9375
1069	42.4	35.9375
1070	42.4	35.9375
1071	42.4	35.9375
1072	42.4	35.9375
1073	42.4	35.9375
1074	42.4	35.9375
1075	42.4	35.9375
1076	42.4	35.9375
1077	42.4	35.9375
1078	42.4	35.9375
1079	42.4	35.9375
1080	42.4	35.9375
1081	42.4	35.9375
1082	42.4	36
1083	42.4	35.9375
1084	42.4	35.9375
1085	42.4	35.9375
1086	42.4	35.9375
1087	42.4	35.9375
1088	42.4	36
1089	42.4	35.9375
1090	42.4	35.9375
1091	42.4	35.9375
1092	42.4	36
1093	42.4	35.9375
1094	42.4	36
1095	42.4	36
1096	42.4	36
1097	42.4	35.9375
1098	42.4	35.9375
1099	42.4	35.9375
1100	42.4	36
1101	42.4	35.9375
1102	42.4	35.9375
1103	42.4	35.9375
1104	42.4	35.9375
1105	42.4	36
1106	42.4	35.9375
1107	42.4	36
1108	42.4	36
1109	42.4	36
1110	42.4	36
1111	42.4	35.9375
1112	42.4	36
1113	42.4	36
1114	42.4	35.9375
1115	42.4	36
1116	42.4	36
1117	42.4	36
1118	42.4	36
1119	42.4	36
1120	42.4	36
1121	42.4	36
1122	42.4	36
1123	42.4	36
1124	42.4	36
1125	42.4	36
1126	42.4	36
1127	42.4	36
1128	42.4	36
1129	42.4	36
1130	42.4	36
1131	42.4	36
1132	42.4	36
1133	42.4	36
1134	42.4	36
1135	42.4	36
1136	42.4	36
1137	42.4	36
1138	42.4	36
1139	42.4	36
1140	42.4	36
1141	42.4	36
1142	42.4	36
1143	42.4	36
1144	42.4	36
1145	42.4	36
1146	42.4	36
1147	42.4	36
1148	42.4	36
1149	42.4	36.0625
1150	42.4	36
1151	42.4	36
1152	42.4	36
1153	42.4	36
1154	42.4	36
1155	42.4	36
1156	42.4	36
1157	42.4	36
1158	42.4	36
1159	42.4	36
1160	42.4	36
1161	42.4	36
1162	42.4	36
1163	42.4	36.0625
1164	42.4	36
1165	42.4	36
1166	42.4	36.0625
1167	42.4	36
1168	42.5	36
1169	42.5	36
1170	42.5	36
1171	42.5	36.0625
1172	42.5	36.0625
1173	42.5	36
1174	42.5	36.0625
1175	42.5	36.0625
1176	42.5	36.0625
1177	42.5	36
1178	42.5	36
1179	42.5	36
1180	42.5	36.0625
1181	42.5	36.0625
1182	42.5	36.0625
1183	42.5	36.0625
1184	42.5	36.0625
1185	42.5	36.0625
1186	42.5	36.0625
1187	42.5	36.0625
1188	42.5	36.0625
1189	42.5	36.0625
1190	42.5	36.0625
1191	42.5	36.0625
1192	42.5	36.0625
1193	42.5	36.0625
1194	42.5	36.0625
1195	42.5	36
1196	42.5	36
1197	42.5	36.0625
1198	42.5	36
1199	42.5	36.0625
1200	42.5	36.0625
1201	42.5	36.0625
1202	42.5	36.0625
1203	42.5	36.0625
1204	42.5	36.0625
1205	42.5	36.0625
1206	42.5	36.0625
1207	42.5	36.0625
1208	42.5	36.0625
1209	42.5	36.0625
1210	42.5	36.0625
1211	42.5	36.0625
1212	42.5	36.0625
1213	42.5	36.0625
1214	42.5	36.0625
1215	42.5	36.0625
1216	42.5	36.0625
1217	42.5	36.0625
1218	42.5	36.0625
1219	42.5	36.0625
1220	42.5	36.0625
1221	42.5	36.0625
1222	42.5	36.0625
1223	42.5	36.0625
1224	42.5	36.0625
1225	42.5	36.0625
1226	42.5	36.0625
1227	42.5	36.0625
1228	42.5	36.0625
1229	42.5	36.0625
1230	42.5	36.0625
1231	42.5	36.0625
1232	42.5	36.0625
1233	42.5	36.0625
1234	42.5	36.0625
1235	42.5	36.0625
1236	42.5	36.0625
1237	42.5	36.125
1238	42.5	36.0625
1239	42.5	36.0625
1240	42.5	36.0625
1241	42.5	36.0625
1242	42.5	36.0625
1243	42.5	36.0625
1244	42.5	36.0625
1245	42.5	36.0625
1246	42.5	36.0625
1247	42.5	36.0625
1248	42.5	36.0625
1249	42.5	36.125
1250	42.5	36.0625
1251	42.5	36.0625
1252	42.5	36.0625
1253	42.5	36.125
1254	42.5	36.0625
1255	42.5	36.0625
1256	42.5	36.0625
1257	42.5	36.0625
1258	42.5	36.0625
1259	42.5	36.0625
1260	42.5	36.0625
1261	42.5	36.0625
1262	42.5	36.0625
1263	42.5	36.0625
1264	42.5	36.0625
1265	42.5	36.125
1266	42.6	36.0625
1267	42.6	36.125
1268	42.5	36.125
1269	42.5	36.125
1270	42.5	36.125
1271	42.6	36.125
1272	42.5	36.125
1273	42.5	36.0625
1274	42.5	36.0625
1275	42.5	36.0625
1276	42.6	36.125
1277	42.6	36.125
1278	42.5	36.125
1279	42.5	36.125
1280	42.6	36.125
1281	42.6	36.125
1282	42.6	36.125
1283	42.6	36.125
1284	42.6	36.125
1285	42.6	36.125
1286	42.6	36.125
1287	42.6	36.125
1288	42.6	36.125
1289	42.6	36.125
1290	42.6	36.125
1291	42.6	36.125
1292	42.6	36.125
1293	42.6	36.125
1294	42.6	36.125
1295	42.6	36.125
1296	42.6	36.125
1297	42.6	36.125
1298	42.6	36.125
1299	42.6	36.125
1300	42.6	36.125
1301	42.6	36.125
1302	42.6	36.125
1303	42.6	36.125
1304	42.6	36.125
1305	42.6	36.125
1306	42.6	36.125
1307	42.6	36.125
1308	42.6	36.125
1309	42.6	36.125
1310	42.6	36.125
1311	42.6	36.125
1312	42.6	36.125
1313	42.6	36.125
1314	42.6	36.125
1315	42.6	36.125
1316	42.6	36.125
1317	42.6	36.125
1318	42.6	36.125
1319	42.6	36.125
1320	42.6	36.125
1321	42.6	36.125
1322	42.6	36.125
1323	42.6	36.1875
1324	42.6	36.125
1325	42.6	36.125
1326	42.6	36.125
1327	42.6	36.125
1328	42.6	36.125
1329	42.6	36.1875
1330	42.6	36.125
1331	42.6	36.1875
1332	42.6	36.125
1333	42.6	36.125
1334	42.6	36.125
1335	42.6	36.1875
1336	42.6	36.1875
1337	42.6	36.125
1338	42.6	36.125
1339	42.6	36.125
1340	42.6	36.125
1341	42.6	36.1875
1342	42.6	36.125
1343	42.6	36.1875
1344	42.6	36.1875
1345	42.6	36.1875
1346	42.6	36.1875
1347	42.6	36.1875
1348	42.6	36.1875
1349	42.6	36.1875
1350	42.6	36.125
1351	42.6	36.1875
1352	42.6	36.1875
1353	42.6	36.1875
1354	42.6	36.1875
1355	42.6	36.1875
1356	42.6	36.1875
1357	42.6	36.1875
1358	42.6	36.125
1359	42.6	36.1875
1360	42.6	36.1875
1361	42.6	36.1875
1362	42.6	36.1875
1363	42.6	36.1875
1364	42.6	36.1875
1365	42.6	36.1875
1366	42.6	36.1875
1367	42.6	36.1875
1368	42.6	36.1875
1369	42.6	36.1875
1370	42.6	36.1875
1371	42.6	36.1875
1372	42.6	36.1875
1373	42.6	36.1875
1374	42.6	36.1875
1375	42.6	36.1875
1376	42.6	36.1875
1377	42.6	36.1875
1378	42.6	36.1875
1379	42.6	36.1875
1380	42.6	36.1875
1381	42.6	36.1875
1382	42.6	36.1875
1383	42.6	36.1875
1384	42.6	36.1875
1385	42.6	36.1875
1386	42.6	36.1875
1387	42.6	36.1875
1388	42.6	36.1875
1389	42.6	36.1875
1390	42.6	36.1875
1391	42.6	36.1875
1392	42.6	36.1875
1393	42.6	36.1875
1394	42.6	36.1875
1395	42.6	36.1875
1396	42.6	36.1875
1397	42.6	36.1875
1398	42.6	36.25
1399	42.6	36.25
1400	42.6	36.1875
1401	42.6	36.1875
1402	42.6	36.1875
1403	42.6	36.1875
1404	42.6	36.1875
1405	42.6	36.1875
1406	42.6	36.1875
1407	42.6	36.1875
1408	42.6	36.1875
1409	42.6	36.1875
1410	42.6	36.1875
1411	42.6	36.25
1412	42.6	36.1875
1413	42.6	36.1875
1414	42.6	36.1875
1415	42.6	36.25
1416	42.6	36.1875
1417	42.7	36.25
1418	42.7	36.1875
1419	42.6	36.25
1420	42.6	36.1875
1421	42.6	36.25
1422	42.6	36.1875
1423	42.6	36.1875
1424	42.6	36.1875
1425	42.6	36.25
1426	42.6	36.1875
1427	42.7	36.25
1428	42.7	36.1875
1429	42.6	36.1875
1430	42.6	36.25
1431	42.7	36.1875
1432	42.7	36.1875
1433	42.7	36.125
1434	42.7	36.125
1435	42.7	36.1875
1436	42.7	36.1875
1437	42.6	36.1875
1438	42.6	36.1875
1439	42.7	36.1875
1440	42.7	36.1875
1441	42.7	36.1875
1442	42.7	36.1875
1443	42.7	36.1875
1444	42.7	36.1875
1445	42.7	36.1875
1446	42.7	36.1875
1447	42.7	36.1875
1448	42.7	36.1875
1449	42.7	36.1875
1450	42.7	36.1875
1451	42.7	36.1875
1452	42.7	36.1875
1453	42.7	36.1875
1454	42.7	36.1875
1455	42.7	36.25
1456	42.7	36.25
1457	42.7	36.1875
1458	42.7	36.25
1459	42.7	36.1875
1460	42.7	36.1875
1461	42.7	36.1875
1462	42.7	36.25
1463	42.7	36.25
1464	42.7	36.25
1465	42.7	36.25
1466	42.7	36.25
1467	42.7	36.1875
1468	42.7	36.25
1469	42.7	36.25
1470	42.7	36.1875
1471	42.7	36.25
1472	42.7	36.25
1473	42.7	36.25
1474	42.7	36.25
1475	42.7	36.1875
1476	42.7	36.1875
1477	42.7	36.25
1478	42.7	36.25
1479	42.7	36.25
1480	42.7	36.25
1481	42.7	36.1875
1482	42.7	36.1875
1483	42.7	36.25
1484	42.7	36.25
1485	42.7	36.25
1486	42.7	36.25
1487	42.7	36.25
1488	42.7	36.25
1489	42.7	36.25
1490	42.7	36.25
1491	42.7	36.25
1492	42.7	36.25
1493	42.7	36.25
1494	42.7	36.25
1495	42.7	36.25
1496	42.7	36.25
1497	42.7	36.25
1498	42.7	36.25
1499	42.7	36.25
1500	42.7	36.25
1501	42.7	36.25
1502	42.7	36.25
1503	42.7	36.25
1504	42.7	36.25
1505	42.7	36.25
1506	42.7	36.25
1507	42.7	36.25
1508	42.7	36.25
1509	42.7	36.25
1510	42.7	36.25
1511	42.7	36.25
1512	42.7	36.25
1513	42.7	36.25
1514	42.7	36.25
1515	42.7	36.25
1516	42.7	36.25
1517	42.7	36.25
1518	42.7	36.25
1519	42.7	36.25
1520	42.7	36.25
1521	42.7	36.25
1522	42.7	36.25
1523	42.7	36.25
1524	42.7	36.25
1525	42.7	36.25
1526	42.7	36.25
1527	42.7	36.25
1528	42.7	36.25
1529	42.7	36.3125
1530	42.7	36.25
1531	42.7	36.25
1532	42.7	36.25
1533	42.7	36.25
1534	42.7	36.25
1535	42.7	36.25
1536	42.7	36.25
1537	42.7	36.25
1538	42.7	36.3125
1539	42.7	36.25
1540	42.7	36.25
1541	42.7	36.25
1542	42.7	36.25
1543	42.7	36.25
1544	42.7	36.25
1545	42.7	36.25
1546	42.7	36.3125
1547	42.7	36.25
1548	42.7	36.25
1549	42.7	36.3125
1550	42.7	36.25
1551	42.7	36.25
1552	42.7	36.25
1553	42.7	36.25
1554	42.7	36.3125
1555	42.7	36.3125
1556	42.7	36.3125
1557	42.7	36.25
1558	42.7	36.3125
1559	42.7	36.3125
1560	42.7	36.3125
1561	42.7	36.3125
1562	42.7	36.3125
1563	42.7	36.3125
1564	42.7	36.3125
1565	42.7	36.3125
1566	42.7	36.3125
1567	42.7	36.25
1568	42.7	36.3125
1569	42.7	36.3125
1570	42.7	36.3125
1571	42.7	36.3125
1572	42.7	36.3125
1573	42.7	36.3125
1574	42.7	36.3125
1575	42.7	36.3125
1576	42.7	36.3125
1577	42.7	36.3125
1578	42.7	36.3125
1579	42.7	36.3125
1580	42.7	36.3125
1581	42.7	36.3125
1582	42.7	36.3125
1583	42.7	36.3125
1584	42.7	36.3125
1585	42.7	36.3125
1586	42.7	36.3125
1587	42.7	36.3125
1588	42.7	36.3125
1589	42.7	36.3125
1590	42.7	36.3125
1591	42.7	36.3125
1592	42.7	36.3125
1593	42.7	36.3125
1594	42.7	36.3125
1595	42.7	36.3125
1596	42.7	36.3125
1597	42.7	36.3125
1598	42.7	36.3125
1599	42.7	36.3125
1600	42.7	36.3125
1601	42.7	36.3125
1602	42.7	36.3125
1603	42.7	36.3125
1604	42.7	36.3125
1605	42.7	36.3125
1606	42.7	36.3125
1607	42.7	36.3125
1608	42.7	36.3125
1609	42.7	36.3125
1610	42.7	36.3125
1611	42.7	36.3125
1612	42.7	36.3125
1613	42.7	36.3125
1614	42.7	36.3125
1615	42.7	36.3125
1616	42.7	36.3125
1617	42.7	36.3125
1618	42.7	36.3125
1619	42.7	36.3125
1620	42.7	36.3125
1621	42.7	36.3125
1622	42.7	36.3125
1623	42.7	36.3125
1624	42.7	36.3125
1625	42.7	36.3125
1626	42.7	36.3125
1627	42.7	36.3125
1628	42.7	36.3125
1629	42.7	36.3125
1630	42.8	36.3125
1631	42.8	36.375
1632	42.8	36.3125
1633	42.8	36.3125
1634	42.8	36.375
1635	42.8	36.3125
1636	42.8	36.3125
1637	42.8	36.3125
1638	42.8	36.3125
1639	42.8	36.3125
1640	42.8	36.3125
1641	42.8	36.3125
1642	42.8	36.3125
1643	42.8	36.3125
1644	42.8	36.3125
1645	42.8	36.3125
1646	42.8	36.375
1647	42.8	36.3125
1648	42.8	36.375
1649	42.8	36.375
1650	42.8	36.375
1651	42.8	36.3125
1652	42.8	36.375
1653	42.8	36.375
1654	42.8	36.3125
1655	42.8	36.375
1656	42.8	36.375
1657	42.8	36.375
1658	42.8	36.375
1659	42.8	36.3125
1660	42.8	36.375
1661	42.8	36.375
1662	42.8	36.375
1663	42.8	36.3125
1664	42.8	36.375
1665	42.8	36.3125
1666	42.8	36.3125
1667	42.8	36.375
1668	42.8	36.375
1669	42.8	36.375
1670	42.8	36.375
1671	42.8	36.3125
1672	42.8	36.375
1673	42.8	36.375
1674	42.8	36.375
1675	42.8	36.375
1676	42.8	36.375
1677	42.8	36.375
1678	42.8	36.375
1679	42.8	36.375
1680	42.8	36.3125
1681	42.8	36.375
1682	42.8	36.375
1683	42.8	36.3125
1684	42.8	36.375
1685	42.8	36.375
1686	42.8	36.375
1687	42.8	36.375
1688	42.8	36.375
1689	42.8	36.375
1690	42.8	36.375
1691	42.8	36.375
1692	42.8	36.375
1693	42.8	36.375
1694	42.8	36.375
1695	42.8	36.375
1696	42.8	36.375
1697	42.8	36.375
1698	42.8	36.375
1699	42.8	36.375
1700	42.8	36.375
1701	42.8	36.375
1702	42.8	36.375
1703	42.8	36.375
1704	42.8	36.375
1705	42.8	36.375
1706	42.8	36.375
1707	42.8	36.375
1708	42.8	36.375
1709	42.8	36.375
1710	42.8	36.375
1711	42.8	36.375
1712	42.8	36.375
1713	42.8	36.375
1714	42.8	36.375
1715	42.8	36.375
1716	42.8	36.375
1717	42.8	36.375
1718	42.8	36.375
1719	42.8	36.375
1720	42.8	36.375
1721	42.8	36.375
1722	42.8	36.375
1723	42.8	36.375
1724	42.8	36.375
1725	42.8	36.375
1726	42.8	36.375
1727	42.8	36.375
1728	42.8	36.375
1729	42.8	36.375
1730	42.8	36.375
1731	42.8	36.375
1732	42.8	36.375
1733	42.8	36.375
1734	42.8	36.375
1735	42.8	36.375
1736	42.8	36.375
1737	42.8	36.375
1738	42.8	36.375
1739	42.8	36.375
1740	42.8	36.375
1741	42.8	36.375
1742	42.8	36.375
1743	42.8	36.375
1744	42.8	36.375
1745	42.8	36.375
1746	42.8	36.375
1747	42.8	36.375
1748	42.8	36.375
1749	42.8	36.375
1750	42.8	36.375
1751	42.8	36.375
1752	42.8	36.375
1753	42.8	36.375
1754	42.8	36.375
1755	42.8	36.375
1756	42.8	36.375
1757	42.8	36.4375
1758	42.8	36.375
1759	42.8	36.375
1760	42.8	36.4375
1761	42.8	36.375
1762	42.8	36.4375
1763	42.8	36.375
1764	42.8	36.375
1765	42.8	36.375
1766	42.8	36.375
1767	42.8	36.375
1768	42.8	36.375
1769	42.8	36.375
1770	42.8	36.375
1771	42.8	36.4375
1772	42.8	36.375
1773	42.8	36.4375
1774	42.8	36.4375
1775	42.8	36.375
1776	42.8	36.375
1777	42.8	36.375
1778	42.8	36.375
1779	42.8	36.4375
1780	42.8	36.4375
1781	42.8	36.375
1782	42.8	36.4375
1783	42.8	36.4375
1784	42.8	36.375
1785	42.8	36.4375
1786	42.8	36.4375
1787	42.8	36.375
1788	42.8	36.4375
1789	42.8	36.375
1790	42.8	36.4375
1791	42.8	36.4375
1792	42.8	36.375
1793	42.8	36.375
1794	42.8	36.375
1795	42.8	36.4375
1796	42.8	36.4375
1797	42.8	36.4375
1798	42.8	36.375
1799	42.8	36.4375
1800	42.8	36.375
1801	42.8	36.375
1802	42.8	36.375
1803	42.8	36.375
1804	42.8	36.4375
1805	42.8	36.4375
1806	42.8	36.4375
1807	42.8	36.4375
1808	42.8	36.375
1809	42.8	36.375
1810	42.8	36.4375
1811	42.8	36.4375
1812	42.8	36.4375
1813	42.8	36.4375
1814	42.8	36.4375
1815	42.8	36.4375
1816	42.8	36.375
1817	42.8	36.4375
1818	42.8	36.4375
1819	42.8	36.4375
1820	42.8	36.4375
1821	42.8	36.4375
1822	42.8	36.4375
1823	42.8	36.4375
1824	42.8	36.375
1825	42.8	36.4375
1826	42.8	36.4375
1827	42.8	36.4375
1828	42.8	36.4375
1829	42.8	36.4375
1830	42.8	36.4375
1831	42.8	36.4375
1832	42.8	36.4375
1833	42.8	36.4375
1834	42.8	36.4375
1835	42.8	36.4375
1836	42.8	36.4375
1837	42.8	36.4375
1838	42.9	36.4375
1839	42.9	36.4375
1840	42.8	36.4375
1841	42.8	36.4375
1842	42.8	36.4375
1843	42.8	36.4375
1844	42.8	36.4375
1845	42.8	36.4375
1846	42.8	36.4375
1847	42.8	36.375
1848	42.8	36.4375
1849	42.8	36.4375
1850	42.8	36.4375
1851	42.8	36.4375
1852	42.8	36.4375
1853	42.8	36.4375
1854	42.9	36.4375
1855	42.9	36.4375
1856	42.9	36.4375
1857	42.9	36.4375
1858	42.9	36.4375
1859	42.9	36.4375
1860	42.9	36.4375
1861	42.9	36.4375
1862	42.9	36.4375
1863	42.9	36.4375
1864	42.9	36.4375
1865	42.9	36.4375
1866	42.9	36.4375
1867	42.9	36.4375
1868	42.9	36.4375
1869	42.9	36.4375
1870	42.9	36.4375
1871	42.9	36.4375
1872	42.9	36.4375
1873	42.9	36.4375
1874	42.9	36.4375
1875	42.9	36.4375
1876	42.9	36.4375
1877	42.9	36.4375
1878	42.9	36.4375
1879	42.9	36.4375
1880	42.9	36.4375
1881	42.9	36.4375
1882	42.9	36.4375
1883	42.9	36.4375
1884	42.9	36.4375
1885	42.9	36.4375
1886	42.9	36.4375
1887	42.9	36.4375
1888	42.9	36.4375
1889	42.9	36.4375
1890	42.9	36.4375
1891	42.9	36.4375
1892	42.9	36.4375
1893	42.9	36.4375
1894	42.9	36.4375
1895	42.9	36.4375
1896	42.9	36.4375
1897	42.9	36.4375
1898	42.9	36.5
1899	42.9	36.4375
1900	42.9	36.4375
1901	42.9	36.4375
1902	42.9	36.5
1903	42.9	36.5
1904	42.9	36.5
1905	42.9	36.4375
1906	42.9	36.4375
1907	42.9	36.5
1908	42.9	36.4375
1909	42.9	36.4375
1910	42.9	36.5
1911	42.9	36.4375
1912	42.9	36.4375
1913	42.9	36.4375
1914	42.9	36.5
1915	42.9	36.5
1916	42.9	36.5
1917	42.9	36.5
1918	42.9	36.4375
1919	42.9	36.5
1920	42.9	36.5
1921	42.9	36.4375
1922	42.9	36.5
1923	42.9	36.5
1924	42.9	36.5
1925	42.9	36.5
1926	42.9	36.5
1927	42.9	36.5
1928	42.9	36.5
1929	42.9	36.5
1930	42.9	36.5
1931	42.9	36.5
1932	42.9	36.5
1933	42.9	36.5
1934	42.9	36.5
1935	42.9	36.5
1936	42.9	36.5
1937	42.9	36.5
1938	42.9	36.5
1939	42.9	36.5
1940	42.9	36.5
1941	42.9	36.5
1942	42.9	36.5
1943	42.9	36.5
1944	42.9	36.5
1945	42.9	36.5
1946	42.9	36.5
1947	42.9	36.5
1948	42.9	36.5
1949	42.9	36.5
1950	42.9	36.5
1951	42.9	36.5
1952	42.9	36.5
1953	42.9	36.5
1954	42.9	36.5
1955	42.9	36.5
1956	42.9	36.5
1957	42.9	36.5
1958	42.9	36.5
1959	42.9	36.5
1960	42.9	36.5
1961	42.9	36.5
1962	42.9	36.5
1963	42.9	36.5
1964	42.9	36.5
1965	42.9	36.5
1966	42.9	36.5
1967	42.9	36.5
1968	42.9	36.5
1969	42.9	36.5625
1970	42.9	36.5
1971	42.9	36.5
1972	42.9	36.5
1973	42.9	36.5
1974	42.9	36.5
1975	42.9	36.5
1976	42.9	36.5
1977	42.9	36.5
1978	42.9	36.5
1979	42.9	36.5
1980	43	36.5
1981	43	36.5
1982	42.9	36.5
1983	42.9	36.5
1984	42.9	36.5
1985	42.9	36.5
1986	42.9	36.5
1987	42.9	36.5
1988	42.9	36.5
1989	42.9	36.5
1990	42.9	36.5
1991	42.9	36.5
1992	42.9	36.5
1993	42.9	36.5
1994	42.9	36.5
1995	42.9	36.5
1996	42.9	36.5
1997	42.9	36.5
1998	42.9	36.5
1999	42.9	36.5
2000	42.9	36.5
2001	42.9	36.5
2002	43	36.5
2003	43	36.5
2004	42.9	36.5
2005	42.9	36.5
2006	42.9	36.5
2007	42.9	36.5
2008	42.9	36.5
2009	42.9	36.5625
2010	43	36.5
2011	43	36.5
2012	42.9	36.5
2013	42.9	36.5
2014	42.9	36.5
2015	42.9	36.5
2016	43	36.5
2017	43	36.5
2018	43	36.5
2019	43	36.5
2020	43	36.5
2021	43	36.5
2022	42.9	36.5
2023	42.9	36.5
2024	43	36.5
2025	43	36.5
2026	43	36.5
2027	43	36.5
2028	42.9	36.5
2029	42.9	36.5
2030	43	36.5
2031	43	36.5
2032	43	36.5
2033	43	36.5
2034	43	36.5625
2035	43	36.5
2036	43	36.5
2037	43	36.5625
2038	42.9	36.5
2039	42.9	36.5625
2040	43	36.5
2041	43	36.5
2042	43	36.5
2043	43	36.5
2044	43	36.5
2045	43	36.5625
2046	43	36.5625
2047	43	36.5625
2048	43	36.5625
2049	43	36.5625
2050	43	36.5625
2051	43	36.5625
2052	43	36.5625
2053	43	36.5
2054	43	36.5625
2055	43	36.5625
2056	43	36.5625
2057	43	36.5
2058	43	36.5625
2059	43	36.5625
2060	43	36.5625
2061	43	36.5625
2062	43	36.5625
2063	43	36.5625
2064	43	36.5625
2065	43	36.5625
2066	43	36.5625
2067	43	36.5625
2068	43	36.5625
2069	43	36.5625
2070	43	36.5625
2071	43	36.5
2072	43	36.5625
2073	43	36.5625
2074	43	36.5625
2075	43	36.5625
2076	43	36.5625
2077	43	36.5625
2078	43	36.5625
2079	43	36.5625
2080	43	36.5625
2081	43	36.5625
2082	43	36.5625
2083	43	36.5625
2084	43	36.5625
2085	43	36.5625
2086	43	36.5625
2087	43	36.5625
2088	43	36.5625
2089	43	36.5625
2090	43	36.5625
2091	43	36.5625
2092	43	36.5625
2093	43	36.5625
2094	43	36.5625
2095	43	36.5625
2096	43	36.5625
2097	43	36.5625
2098	43	36.5625
2099	43	36.5625
2100	43	36.5625
2101	43	36.5625
2102	43	36.5625
2103	43	36.5625
2104	43	36.625
2105	43	36.5625
2106	43	36.5625
2107	43	36.5625
2108	43	36.5625
2109	43	36.5625
2110	43	36.5625
2111	43	36.5625
2112	43	36.5625
2113	43	36.5625
2114	43	36.5625
2115	43	36.5625
2116	43	36.5625
2117	43	36.5625
2118	43	36.5625
2119	43	36.5625
2120	43	36.5625
2121	43	36.5625
2122	43	36.5625
2123	43	36.5625
2124	43	36.5625
2125	43	36.5625
2126	43	36.5625
2127	43	36.5625
2128	43	36.5625
2129	43	36.5625
2130	43	36.5625
2131	43	36.5625
2132	43	36.5625
2133	43	36.5625
2134	43	36.5625
2135	43	36.5625
2136	43	36.625
2137	43	36.5625
2138	43	36.5625
2139	43	36.5625
2140	43	36.5625
2141	43	36.5625
2142	43	36.5625
2143	43	36.625
2144	43	36.5625
2145	43	36.625
2146	43	36.5625
2147	43	36.5625
2148	43	36.5625
2149	43	36.625
2150	43	36.625
2151	43	36.5625
2152	43	36.625
2153	43	36.5625
2154	43	36.5625
2155	43	36.625
2156	43	36.5625
2157	43	36.625
2158	43	36.625
2159	43	36.5625
2160	43	36.625
2161	43	36.5625
2162	43	36.625
2163	43	36.625
2164	43	36.625
2165	43	36.625
2166	43	36.5625
2167	43	36.5625
2168	43	36.625
2169	43	36.5625
2170	43	36.5625
2171	43	36.5625
2172	43	36.5625
2173	43	36.5625
2174	43	36.625
2175	43	36.625
2176	43	36.625
2177	43	36.625
2178	43	36.625
2179	43	36.5625
2180	43	36.625
2181	43	36.625
2182	43	36.625
2183	43	36.625
2184	43	36.625
2185	43	36.625
2186	43	36.625
2187	43	36.625
2188	43	36.625
2189	43	36.5625
2190	43	36.625
2191	43	36.625
2192	43	36.625
2193	43	36.5625
2194	43	36.625
2195	43	36.625
2196	43	36.625
2197	43	36.625
2198	43	36.625
2199	43	36.625
2200	43	36.625
2201	43	36.625
2202	43	36.625
2203	43.1	36.625
2204	43.1	36.625
2205	43	36.625
2206	43	36.625
2207	43	36.625
2208	43	36.625
2209	43.1	36.625
2210	43.1	36.625
2211	43	36.625
2212	43	36.625
2213	43	36.625
2214	43	36.625
2215	43.1	36.625
2216	43.1	36.625
2217	43	36.625
2218	43	36.625
2219	43	36.625
2220	43	36.625
2221	43.1	36.625
2222	43.1	36.625
2223	43	36.625
2224	43	36.625
2225	43.1	36.625
2226	43.1	36.625
2227	43	36.625
2228	43	36.625
2229	43	36.625
2230	43	36.625
2231	43	36.625
2232	43	36.625
2233	43	36.625
2234	43	36.625
2235	43.1	36.625
2236	43.1	36.625
2237	43.1	36.625
2238	43.1	36.625
2239	43.1	36.625
2240	43.1	36.625
2241	43.1	36.625
2242	43.1	36.625
2243	43.1	36.6875
2244	43.1	36.625
2245	43.1	36.625
2246	43.1	36.625
2247	43.1	36.6875
2248	43.1	36.625
2249	43.1	36.625
2250	43.1	36.625
2251	43.1	36.625
2252	43.1	36.625
2253	43.1	36.625
2254	43.1	36.625
2255	43.1	36.6875
2256	43.1	36.625
2257	43.1	36.625
2258	43.1	36.625
2259	43.1	36.6875
2260	43.1	36.625
2261	43.1	36.6875
2262	43.1	36.6875
2263	43.1	36.6875
2264	43.1	36.625
2265	43.1	36.6875
2266	43.1	36.6875
2267	43.1	36.6875
2268	43.1	36.6875
2269	43.1	36.625
2270	43.1	36.6875
2271	43.1	36.6875
2272	43.1	36.625
2273	43.1	36.625
2274	43.1	36.625
2275	43.1	36.6875
2276	43.1	36.6875
2277	43.1	36.625
2278	43.1	36.625
2279	43.1	36.625
2280	43.1	36.625
2281	43.1	36.6875
2282	43.1	36.6875
2283	43.1	36.6875
2284	43.1	36.6875
2285	43.1	36.625
2286	43.1	36.625
2287	43.1	36.625
2288	43.1	36.6875
2289	43.1	36.6875
2290	43.1	36.6875
2291	43.1	36.6875
2292	43.1	36.6875
2293	43.1	36.6875
2294	43.1	36.6875
2295	43.1	36.6875
2296	43.1	36.625
2297	43.1	36.625
2298	43.1	36.6875
2299	43.1	36.6875
2300	43.1	36.6875
2301	43.1	36.6875
2302	43.1	36.6875
2303	43.1	36.6875
2304	43.1	36.6875
2305	43.1	36.6875
2306	43.1	36.6875
2307	43.1	36.6875
2308	43.1	36.6875
2309	43.1	36.6875
2310	43.1	36.6875
2311	43.1	36.6875
2312	43.1	36.6875
2313	43.1	36.6875
2314	43.1	36.6875
2315	43.1	36.6875
2316	43.1	36.6875
2317	43.1	36.6875
2318	43.1	36.6875
2319	43.1	36.6875
2320	43.1	36.6875
2321	43.1	36.6875
2322	43.1	36.6875
2323	43.1	36.6875
2324	43.1	36.625
2325	43.1	36.6875
2326	43.1	36.6875
2327	43.1	36.6875
2328	43.1	36.6875
2329	43.1	36.6875
2330	43.1	36.6875
2331	43.1	36.6875
2332	43.1	36.6875
2333	43.1	36.6875
2334	43.1	36.625
2335	43.1	36.6875
2336	43.1	36.6875
2337	43.1	36.6875
2338	43.1	36.6875
2339	43.1	36.6875
2340	43.1	36.6875
2341	43.1	36.6875
2342	43.1	36.6875
2343	43.1	36.6875
2344	43.1	36.6875
2345	43.1	36.6875
2346	43.1	36.6875
2347	43.1	36.6875
2348	43.1	36.6875
2349	43.1	36.6875
2350	43.1	36.6875
2351	43.1	36.6875
2352	43.1	36.6875
2353	43.1	36.6875
2354	43.1	36.6875
2355	43.1	36.6875
2356	43.1	36.6875
2357	43.1	36.6875
2358	43.1	36.6875
2359	43.1	36.6875
2360	43.1	36.6875
2361	43.1	36.6875
2362	43.1	36.6875
2363	43.1	36.6875
2364	43.1	36.6875
2365	43.1	36.6875
2366	43.1	36.6875
2367	43.1	36.6875
2368	43.1	36.6875
2369	43.1	36.6875
2370	43.1	36.6875
2371	43.1	36.6875
2372	43.1	36.6875
2373	43.1	36.6875
2374	43.1	36.6875
2375	43.1	36.6875
2376	43.1	36.6875
2377	43.1	36.6875
2378	43.1	36.6875
2379	43.1	36.6875
2380	43.1	36.6875
2381	43.1	36.6875
2382	43.1	36.6875
2383	43.1	36.6875
2384	43.1	36.6875
2385	43.1	36.6875
2386	43.1	36.6875
2387	43.1	36.6875
2388	43.1	36.6875
2389	43.1	36.6875
2390	43.1	36.6875
2391	43.1	36.6875
2392	43.1	36.6875
2393	43.1	36.6875
2394	43.2	36.6875
2395	43.2	36.6875
2396	43.2	36.6875
2397	43.2	36.6875
2398	43.2	36.6875
2399	43.2	36.6875
2400	43.2	36.6875
2401	43.2	36.6875
2402	43.2	36.6875
2403	43.2	36.6875
2404	43.2	36.6875
2405	43.2	36.6875
2406	43.2	36.75
2407	43.2	36.6875
2408	43.2	36.6875
2409	43.2	36.75
2410	43.2	36.75
2411	43.2	36.6875
2412	43.2	36.6875
2413	43.2	36.6875
2414	43.2	36.75
2415	43.2	36.75
2416	43.2	36.75
2417	43.2	36.75
2418	43.2	36.6875
2419	43.2	36.75
2420	43.2	36.6875
2421	43.2	36.75
2422	43.2	36.6875
2423	43.2	36.75
2424	43.2	36.75
2425	43.2	36.75
2426	43.2	36.75
2427	43.2	36.75
2428	43.2	36.75
2429	43.2	36.75
2430	43.2	36.75
2431	43.2	36.75
2432	43.2	36.75
2433	43.2	36.75
2434	43.2	36.75
2435	43.2	36.75
2436	43.2	36.75
2437	43.2	36.75
2438	43.2	36.75